=~=~=~=~=~=~=~=~=~=~=~= PuTTY log 2024.06.29 23:56:23 =~=~=~=~=~=~=~=~=~=~=~=
 
############################################

 ###    Data Capture for AIDrawPen     #### 

  ####    github.com/Ijnaka22len     ##### 

   ####    Leonel Akanji Akanji    ##### 

     #################################  


AccelerometerX,AccelerometerY,AccelerometerZ

-,-,-
440.0,122.0,345.0
430.0,30.0,377.0
463.0,18.0,311.0
442.0,-136.0,109.0
205.0,-83.0,145.0
616.0,-229.0,339.0
473.0,-287.0,446.0
-49.0,-590.0,904.0
-301.0,-815.0,1429.0
-439.0,-636.0,1742.0
-441.0,-954.0,1999.0
123.0,-883.0,1999.0
597.0,-726.0,1999.0
622.0,-648.0,1750.0
565.0,-671.0,1524.0
343.0,-716.0,1344.0
317.0,-576.0,1240.0
226.0,-391.0,1013.0
280.0,-432.0,1137.0
219.0,-280.0,899.0
68.0,-250.0,768.0
-71.0,-56.0,524.0
107.0,-31.0,649.0
-155.0,-28.0,483.0
-19.0,206.0,277.0
-255.0,208.0,297.0
-301.0,291.0,155.0

-,-,-
480.0,71.0,318.0
483.0,24.0,284.0
530.0,-148.0,207.0
497.0,-30.0,113.0
369.0,-100.0,64.0
541.0,-204.0,230.0
524.0,-292.0,471.0
352.0,-513.0,814.0
-304.0,-709.0,1257.0
-414.0,-787.0,1536.0
-312.0,-812.0,1698.0
296.0,-808.0,1797.0
555.0,-812.0,1774.0
792.0,-855.0,1853.0
568.0,-941.0,1625.0
361.0,-1051.0,1598.0
397.0,-1008.0,1448.0
396.0,-847.0,1234.0
279.0,-722.0,1159.0
181.0,-639.0,1104.0
330.0,-427.0,945.0
221.0,-116.0,520.0
70.0,-67.0,413.0
50.0,193.0,19.0
-127.0,15.0,181.0
-507.0,-67.0,-57.0
-913.0,-10.0,0.0

-,-,-
452.0,49.0,291.0
400.0,13.0,347.0
448.0,-105.0,351.0
684.0,19.0,280.0
487.0,-49.0,172.0
433.0,-226.0,301.0
247.0,-113.0,132.0
549.0,-449.0,730.0
-150.0,-473.0,704.0
213.0,-687.0,1393.0
-254.0,-618.0,1413.0
-28.0,-888.0,1955.0
84.0,-670.0,1815.0
291.0,-745.0,1999.0
451.0,-825.0,1999.0
434.0,-835.0,1818.0
342.0,-804.0,1530.0
301.0,-708.0,1313.0
298.0,-576.0,1140.0
236.0,-646.0,1264.0
221.0,-491.0,1120.0
210.0,-166.0,761.0
142.0,-382.0,934.0
20.0,-18.0,219.0
-136.0,73.0,103.0
-284.0,174.0,-54.0

-,-,-
390.0,-52.0,348.0
408.0,-38.0,366.0
404.0,-251.0,444.0
323.0,-141.0,359.0
355.0,-61.0,161.0
361.0,-133.0,430.0
391.0,-122.0,353.0
327.0,-496.0,1025.0
44.0,-423.0,733.0
-117.0,-770.0,1627.0
-311.0,-794.0,1597.0
-337.0,-803.0,1997.0
-144.0,-575.0,1984.0
263.0,-661.0,1999.0
210.0,-572.0,1844.0
164.0,-462.0,1402.0
57.0,-554.0,1377.0
208.0,-387.0,1183.0
341.0,-397.0,1267.0
412.0,-504.0,1496.0
188.0,-200.0,956.0
85.0,-72.0,824.0
-71.0,47.0,398.0
-46.0,181.0,324.0
-224.0,-113.0,544.0

-,-,-
275.0,-5.0,387.0
362.0,-87.0,419.0
485.0,-52.0,384.0
439.0,-135.0,393.0
327.0,-41.0,179.0
442.0,-39.0,209.0
385.0,-142.0,375.0
372.0,-258.0,465.0
83.0,-480.0,713.0
35.0,-730.0,1205.0
-200.0,-729.0,1411.0
-150.0,-983.0,1885.0
32.0,-971.0,1999.0
354.0,-958.0,1999.0
356.0,-848.0,1731.0
369.0,-820.0,1585.0
320.0,-838.0,1442.0
296.0,-711.0,1179.0
299.0,-631.0,1143.0
213.0,-487.0,971.0
230.0,-388.0,923.0
228.0,-275.0,861.0
93.0,-229.0,782.0
1.0,-92.0,766.0
-15.0,8.0,646.0
-219.0,140.0,225.0
-234.0,40.0,359.0
-407.0,28.0,352.0
-394.0,23.0,428.0

-,-,-
413.0,61.0,240.0
385.0,-68.0,411.0
372.0,-148.0,401.0
533.0,-81.0,450.0
500.0,-64.0,225.0
681.0,-145.0,463.0
583.0,-30.0,384.0
693.0,-305.0,742.0
63.0,-436.0,1010.0
-16.0,-510.0,1341.0
-195.0,-618.0,1753.0
-399.0,-562.0,1737.0
182.0,-612.0,1880.0
291.0,-473.0,1769.0
469.0,-524.0,1852.0
448.0,-638.0,1821.0
444.0,-569.0,1502.0
335.0,-473.0,1283.0
342.0,-366.0,1116.0
405.0,-310.0,1100.0
243.0,-47.0,937.0
204.0,-134.0,857.0
424.0,-113.0,825.0
126.0,-186.0,677.0
167.0,42.0,172.0
-187.0,21.0,198.0

-,-,-
243.0,105.0,192.0
404.0,-1.0,299.0
425.0,-42.0,288.0
268.0,-90.0,312.0
118.0,-31.0,129.0
344.0,-61.0,383.0
321.0,-14.0,369.0
400.0,-314.0,867.0
201.0,-377.0,1054.0
80.0,-664.0,1548.0
336.0,-695.0,1999.0
201.0,-779.0,1999.0
424.0,-781.0,1999.0
402.0,-515.0,1777.0
426.0,-536.0,1545.0
371.0,-492.0,1236.0
350.0,-415.0,1099.0
397.0,-285.0,984.0
407.0,-154.0,922.0
299.0,-105.0,996.0
370.0,-15.0,909.0
229.0,-18.0,742.0
146.0,-19.0,630.0
-39.0,77.0,318.0
-266.0,-244.0,489.0

-,-,-
-45.0,268.0,517.0
-18.0,171.0,507.0
-66.0,175.0,448.0
6.0,3.0,441.0
-117.0,247.0,208.0
86.0,40.0,415.0
20.0,68.0,483.0
179.0,-43.0,620.0
172.0,-294.0,893.0
450.0,-471.0,1185.0
196.0,-624.0,1374.0
698.0,-774.0,1975.0
829.0,-672.0,1856.0
929.0,-609.0,1763.0
659.0,-703.0,1838.0
352.0,-616.0,1665.0
91.0,-482.0,1382.0
57.0,-391.0,1200.0
293.0,-306.0,1051.0
330.0,-322.0,1048.0
285.0,-275.0,908.0
324.0,-250.0,885.0
574.0,-148.0,865.0
588.0,-121.0,671.0
535.0,-123.0,596.0
581.0,-60.0,562.0
602.0,-193.0,440.0

-,-,-
-134.0,267.0,463.0
-211.0,162.0,456.0
-183.0,159.0,488.0
-214.0,98.0,372.0
-261.0,176.0,381.0
-17.0,26.0,548.0
-211.0,57.0,643.0
-46.0,-142.0,897.0
-86.0,-122.0,854.0
133.0,-295.0,1266.0
-86.0,-273.0,1172.0
117.0,-335.0,1225.0
38.0,-504.0,1544.0
61.0,-507.0,1714.0
74.0,-580.0,1958.0
-211.0,-569.0,1717.0
-266.0,-403.0,1421.0
-209.0,-455.0,1419.0
-202.0,-362.0,1241.0
-135.0,-424.0,1263.0
45.0,-311.0,1199.0
160.0,-187.0,991.0
175.0,-207.0,989.0
110.0,-149.0,934.0
396.0,-2.0,931.0
369.0,-78.0,942.0
343.0,-97.0,583.0
306.0,-62.0,177.0
74.0,-215.0,239.0
236.0,-144.0,206.0

-,-,-
-33.0,41.0,900.0
-110.0,125.0,899.0
-149.0,14.0,673.0
-365.0,147.0,417.0
-262.0,104.0,250.0
-227.0,41.0,307.0
-355.0,72.0,166.0
-100.0,-206.0,380.0
-292.0,-196.0,225.0
-27.0,-674.0,846.0
-175.0,-938.0,1008.0
-83.0,-1042.0,1203.0
365.0,-1416.0,1873.0
267.0,-1326.0,1812.0
343.0,-1381.0,1886.0
47.0,-1207.0,1586.0
-235.0,-939.0,1170.0
-221.0,-744.0,981.0
-74.0,-668.0,901.0
48.0,-614.0,916.0
102.0,-483.0,867.0
104.0,-410.0,792.0
185.0,-453.0,833.0
211.0,-322.0,799.0
297.0,-348.0,886.0
250.0,-311.0,806.0
381.0,-214.0,781.0
229.0,-95.0,637.0
404.0,-71.0,643.0

-,-,-
-80.0,182.0,737.0
-128.0,185.0,761.0
-106.0,169.0,656.0
-184.0,137.0,480.0
-246.0,202.0,320.0
-20.0,81.0,499.0
-122.0,23.0,350.0
41.0,-33.0,640.0
71.0,-265.0,846.0
59.0,-293.0,996.0
169.0,-415.0,1124.0
246.0,-631.0,1307.0
144.0,-525.0,1104.0
461.0,-833.0,1501.0
108.0,-558.0,1164.0
337.0,-720.0,1438.0
181.0,-718.0,1420.0
25.0,-569.0,1265.0
-3.0,-615.0,1308.0
-25.0,-536.0,1208.0
-24.0,-484.0,1127.0
55.0,-445.0,1104.0
207.0,-382.0,1055.0
198.0,-309.0,969.0
214.0,-391.0,1046.0
205.0,-240.0,926.0
346.0,-245.0,936.0
328.0,-237.0,917.0
372.0,-224.0,996.0
359.0,-185.0,794.0
358.0,-6.0,636.0
352.0,-180.0,707.0
230.0,-59.0,458.0
253.0,-23.0,387.0

-,-,-
-169.0,194.0,699.0
-90.0,193.0,675.0
-40.0,137.0,750.0
-127.0,64.0,640.0
-254.0,170.0,526.0
-193.0,6.0,528.0
-222.0,6.0,590.0
-36.0,-54.0,512.0
9.0,-197.0,708.0
145.0,-270.0,688.0
155.0,-463.0,950.0
94.0,-543.0,1021.0
16.0,-811.0,1301.0
163.0,-951.0,1554.0
275.0,-1057.0,1698.0
299.0,-1036.0,1773.0
155.0,-837.0,1478.0
-25.0,-751.0,1352.0
-82.0,-607.0,1172.0
-17.0,-556.0,1131.0
-10.0,-479.0,1085.0
84.0,-384.0,1023.0
219.0,-341.0,1008.0
253.0,-274.0,937.0
192.0,-163.0,861.0
198.0,-217.0,867.0
264.0,-146.0,791.0
288.0,-128.0,632.0
252.0,-174.0,714.0
386.0,-10.0,529.0
288.0,-235.0,720.0

-,-,-
344.0,96.0,750.0
305.0,-43.0,734.0
277.0,7.0,673.0
354.0,-187.0,636.0
259.0,-134.0,529.0
241.0,-1.0,399.0
319.0,-89.0,646.0
186.0,-187.0,760.0
118.0,-249.0,897.0
-23.0,-273.0,882.0
-41.0,-465.0,1096.0
-114.0,-398.0,985.0
66.0,-640.0,1404.0
-41.0,-583.0,1314.0
105.0,-654.0,1399.0
282.0,-776.0,1659.0
375.0,-627.0,1382.0
316.0,-783.0,1503.0
167.0,-718.0,1380.0
166.0,-687.0,1350.0
134.0,-573.0,1174.0
333.0,-498.0,1153.0
436.0,-424.0,1125.0
374.0,-390.0,1035.0
306.0,-316.0,922.0
91.0,-105.0,897.0
331.0,-157.0,912.0
61.0,-32.0,585.0
114.0,-79.0,664.0
-18.0,-270.0,797.0
-88.0,-55.0,403.0
-255.0,401.0,100.0

-,-,-
453.0,-237.0,694.0
429.0,28.0,689.0
499.0,-252.0,744.0
334.0,-246.0,664.0
230.0,-189.0,595.0
315.0,-209.0,587.0
204.0,-121.0,504.0
270.0,-445.0,875.0
0.0,-176.0,696.0
4.0,-632.0,1110.0
-227.0,-333.0,1061.0
-257.0,-503.0,1213.0
-89.0,-757.0,1567.0
-248.0,-466.0,1304.0
93.0,-711.0,1644.0
65.0,-640.0,1497.0
83.0,-721.0,1446.0
34.0,-714.0,1309.0
135.0,-667.0,1263.0
111.0,-627.0,1225.0
10.0,-525.0,1071.0
82.0,-499.0,1107.0
69.0,-328.0,930.0
59.0,-296.0,967.0
59.0,-60.0,824.0
63.0,-226.0,1004.0
78.0,-170.0,766.0
-28.0,-23.0,558.0
-100.0,-133.0,643.0
-32.0,-15.0,518.0
-85.0,149.0,340.0

-,-,-
275.0,-57.0,678.0
465.0,-31.0,672.0
452.0,-106.0,563.0
364.0,-194.0,526.0
345.0,-52.0,422.0
436.0,-197.0,501.0
223.0,-46.0,413.0
344.0,-177.0,614.0
100.0,-279.0,764.0
-95.0,-339.0,656.0
13.0,-600.0,1376.0
-97.0,-695.0,1771.0
105.0,-969.0,1999.0
167.0,-970.0,1999.0
294.0,-683.0,1687.0
230.0,-424.0,1083.0
279.0,-399.0,1045.0
393.0,-381.0,1109.0
437.0,-324.0,1205.0
415.0,-326.0,1187.0
340.0,-410.0,1167.0
106.0,-358.0,828.0
-118.0,-172.0,532.0
-180.0,-213.0,474.0

-,-,-
261.0,27.0,504.0
329.0,11.0,462.0
431.0,-71.0,532.0
363.0,-82.0,485.0
412.0,-137.0,583.0
335.0,-150.0,544.0
253.0,-147.0,665.0
356.0,-385.0,953.0
180.0,-215.0,883.0
206.0,-430.0,1217.0
95.0,-480.0,1432.0
93.0,-663.0,1717.0
12.0,-614.0,1499.0
99.0,-544.0,1421.0
179.0,-461.0,1231.0
177.0,-460.0,1123.0
192.0,-448.0,1098.0
216.0,-401.0,1107.0
278.0,-449.0,1206.0
185.0,-351.0,1087.0
183.0,-312.0,1109.0
302.0,-233.0,1067.0
151.0,-149.0,958.0
132.0,-128.0,979.0
187.0,8.0,768.0
98.0,-66.0,730.0
153.0,76.0,642.0
-35.0,35.0,437.0

-,-,-
443.0,250.0,566.0
527.0,159.0,486.0
470.0,101.0,389.0
426.0,-90.0,422.0
441.0,9.0,279.0
622.0,-59.0,361.0
491.0,32.0,348.0
481.0,-138.0,581.0
274.0,-104.0,907.0
170.0,-321.0,1272.0
68.0,-325.0,1478.0
118.0,-493.0,1834.0
30.0,-333.0,1617.0
177.0,-465.0,1667.0
418.0,-490.0,1491.0
501.0,-381.0,1274.0
583.0,-375.0,1200.0
617.0,-359.0,1098.0
666.0,-371.0,1076.0
608.0,-382.0,1013.0
480.0,-357.0,1121.0
526.0,-394.0,1136.0
382.0,-373.0,1063.0
335.0,-154.0,977.0
335.0,-103.0,829.0
262.0,24.0,805.0
213.0,34.0,727.0
366.0,207.0,612.0
-29.0,5.0,772.0

-,-,-
409.0,30.0,649.0
468.0,189.0,474.0
479.0,1.0,552.0
403.0,-29.0,532.0
285.0,-97.0,480.0
334.0,10.0,225.0
441.0,72.0,398.0
434.0,9.0,347.0
341.0,134.0,518.0
266.0,-291.0,858.0
-51.0,-206.0,1041.0
-100.0,-554.0,1375.0
-84.0,-470.0,1592.0
-152.0,-652.0,1697.0
144.0,-734.0,1940.0
255.0,-541.0,1574.0
391.0,-495.0,1408.0
485.0,-468.0,1301.0
466.0,-485.0,1211.0
287.0,-528.0,1243.0
192.0,-516.0,1206.0
209.0,-469.0,1203.0
229.0,-275.0,1075.0
267.0,-263.0,1078.0
208.0,-215.0,1099.0
288.0,0.0,869.0
295.0,-50.0,791.0
-54.0,1.0,489.0

-,-,-
154.0,249.0,750.0
157.0,239.0,769.0
139.0,183.0,675.0
6.0,238.0,579.0
-5.0,247.0,433.0
122.0,47.0,723.0
74.0,250.0,387.0
82.0,19.0,841.0
-20.0,-26.0,700.0
115.0,-284.0,1039.0
11.0,-338.0,1016.0
-28.0,-636.0,1467.0
110.0,-556.0,1396.0
142.0,-642.0,1509.0
327.0,-695.0,1619.0
166.0,-678.0,1513.0
246.0,-709.0,1548.0
145.0,-641.0,1422.0
52.0,-559.0,1328.0
89.0,-506.0,1173.0
144.0,-364.0,1015.0
158.0,-333.0,956.0
286.0,-344.0,959.0
337.0,-275.0,900.0
395.0,-250.0,910.0
364.0,-129.0,828.0
436.0,-65.0,777.0
487.0,-183.0,907.0
363.0,-62.0,568.0

-,-,-
195.0,348.0,713.0
207.0,323.0,886.0
168.0,125.0,939.0
-35.0,186.0,676.0
-18.0,240.0,580.0
20.0,172.0,567.0
-152.0,296.0,374.0
59.0,-120.0,665.0
9.0,28.0,627.0
179.0,-162.0,681.0
162.0,-296.0,917.0
100.0,-339.0,949.0
298.0,-605.0,1368.0
216.0,-709.0,1479.0
328.0,-757.0,1604.0
367.0,-870.0,1779.0
296.0,-809.0,1750.0
134.0,-700.0,1547.0
-34.0,-569.0,1258.0
41.0,-494.0,1057.0
226.0,-471.0,1069.0
288.0,-467.0,1049.0
232.0,-408.0,963.0
191.0,-243.0,790.0
338.0,-312.0,994.0
433.0,-181.0,781.0
524.0,-257.0,953.0
311.0,-78.0,852.0
547.0,-248.0,864.0
305.0,-223.0,544.0
170.0,129.0,110.0

-,-,-
-92.0,259.0,444.0
-83.0,278.0,515.0
37.0,210.0,642.0
62.0,88.0,632.0
-114.0,257.0,454.0
37.0,49.0,595.0
-25.0,82.0,521.0
126.0,-79.0,680.0
95.0,-173.0,679.0
128.0,-294.0,931.0
110.0,-526.0,1109.0
125.0,-565.0,1204.0
268.0,-738.0,1444.0
298.0,-725.0,1557.0
355.0,-724.0,1536.0
382.0,-733.0,1569.0
216.0,-685.0,1473.0
55.0,-551.0,1280.0
37.0,-534.0,1240.0
83.0,-423.0,1116.0
187.0,-488.0,1151.0
231.0,-333.0,965.0
391.0,-427.0,979.0
407.0,-353.0,976.0
332.0,-314.0,926.0
393.0,-242.0,997.0
554.0,-288.0,915.0
376.0,-279.0,604.0
254.0,-168.0,307.0

-,-,-
336.0,40.0,528.0
425.0,-6.0,656.0
468.0,-36.0,552.0
345.0,-19.0,474.0
368.0,-89.0,464.0
346.0,-26.0,380.0
360.0,-199.0,662.0
178.0,-298.0,663.0
159.0,-339.0,836.0
151.0,-386.0,989.0
-7.0,-556.0,1283.0
-47.0,-798.0,1561.0
-41.0,-731.0,1636.0
193.0,-850.0,1857.0
415.0,-838.0,1904.0
343.0,-791.0,1646.0
227.0,-571.0,1221.0
194.0,-512.0,1077.0
189.0,-365.0,932.0
287.0,-359.0,984.0
288.0,-351.0,993.0
245.0,-329.0,1025.0
277.0,-302.0,985.0
185.0,-208.0,928.0
306.0,-451.0,1127.0
45.0,-230.0,825.0
100.0,72.0,430.0
-85.0,182.0,292.0

-,-,-
242.0,-32.0,448.0
98.0,56.0,462.0
313.0,-16.0,590.0
291.0,-31.0,398.0
234.0,-86.0,316.0
286.0,-87.0,456.0
536.0,-269.0,510.0
454.0,-66.0,512.0
437.0,-314.0,700.0
170.0,-498.0,1103.0
74.0,-547.0,1174.0
169.0,-730.0,1843.0
28.0,-736.0,1793.0
105.0,-654.0,1733.0
280.0,-664.0,1686.0
239.0,-587.0,1447.0
235.0,-494.0,1217.0
313.0,-397.0,1045.0
257.0,-505.0,1072.0
227.0,-460.0,1024.0
272.0,-481.0,1166.0
265.0,-404.0,1017.0
232.0,-354.0,987.0
264.0,-165.0,896.0
273.0,-103.0,784.0
207.0,-203.0,975.0
318.0,13.0,862.0
118.0,-222.0,870.0
18.0,-34.0,683.0
-41.0,-53.0,760.0
110.0,-16.0,636.0
-67.0,93.0,451.0

-,-,-
264.0,-1.0,680.0
306.0,97.0,527.0
478.0,52.0,590.0
408.0,-102.0,566.0
202.0,28.0,421.0
551.0,-45.0,505.0
409.0,7.0,483.0
332.0,-125.0,619.0
197.0,-104.0,723.0
189.0,-309.0,981.0
-51.0,-228.0,1095.0
-227.0,-400.0,1151.0
-194.0,-358.0,1247.0
-230.0,-367.0,1252.0
-32.0,-647.0,1513.0
-134.0,-383.0,1161.0
-44.0,-595.0,1597.0
37.0,-680.0,1707.0
22.0,-617.0,1427.0
-27.0,-522.0,1238.0
39.0,-489.0,1187.0
56.0,-445.0,1087.0
39.0,-414.0,1064.0
-4.0,-437.0,1099.0
54.0,-291.0,1011.0
91.0,-254.0,1069.0
68.0,-185.0,964.0
89.0,-92.0,885.0
154.0,-63.0,974.0
-24.0,-51.0,830.0
214.0,208.0,968.0
75.0,-14.0,902.0
-442.0,-143.0,733.0
-270.0,45.0,277.0
-281.0,180.0,344.0

-,-,-
147.0,360.0,903.0
167.0,375.0,976.0
247.0,229.0,1166.0
145.0,236.0,1014.0
-93.0,255.0,705.0
-160.0,165.0,665.0
-96.0,166.0,608.0
-113.0,74.0,555.0
-188.0,28.0,560.0
-85.0,24.0,515.0
-88.0,-193.0,716.0
-148.0,-210.0,587.0
48.0,-275.0,834.0
-132.0,-463.0,916.0
113.0,-734.0,1451.0
150.0,-677.0,1360.0
281.0,-853.0,1651.0
504.0,-964.0,1909.0
498.0,-918.0,1862.0
256.0,-798.0,1525.0
31.0,-681.0,1220.0
103.0,-642.0,1129.0
176.0,-517.0,976.0
144.0,-528.0,965.0
88.0,-325.0,806.0
194.0,-291.0,794.0
247.0,-282.0,903.0
159.0,-213.0,707.0
190.0,-91.0,727.0
393.0,-117.0,727.0
225.0,-119.0,572.0
285.0,-145.0,412.0
343.0,-102.0,416.0

-,-,-
-46.0,208.0,665.0
-67.0,197.0,740.0
-69.0,175.0,708.0
-83.0,129.0,629.0
-143.0,268.0,357.0
32.0,87.0,491.0
-70.0,131.0,411.0
7.0,-1.0,567.0
43.0,-194.0,665.0
53.0,-210.0,808.0
42.0,-496.0,976.0
149.0,-600.0,1282.0
188.0,-714.0,1281.0
86.0,-710.0,1347.0
269.0,-843.0,1592.0
329.0,-924.0,1736.0
276.0,-841.0,1632.0
96.0,-671.0,1363.0
-19.0,-554.0,1173.0
27.0,-553.0,1161.0
11.0,-458.0,1021.0
124.0,-434.0,1037.0
175.0,-357.0,866.0
28.0,-256.0,865.0
366.0,-349.0,870.0
277.0,-376.0,892.0
405.0,-352.0,800.0
392.0,-389.0,968.0
519.0,-301.0,826.0
532.0,-305.0,799.0
377.0,-177.0,605.0
378.0,-84.0,492.0
293.0,-109.0,547.0

-,-,-
-19.0,145.0,659.0
-19.0,284.0,511.0
157.0,303.0,475.0
10.0,111.0,581.0
-79.0,161.0,559.0
-33.0,126.0,546.0
90.0,19.0,702.0
-52.0,93.0,625.0
41.0,-261.0,987.0
-21.0,42.0,710.0
9.0,-290.0,937.0
-85.0,-249.0,990.0
3.0,-477.0,1121.0
117.0,-670.0,1391.0
222.0,-755.0,1568.0
166.0,-539.0,1191.0
328.0,-833.0,1656.0
183.0,-747.0,1542.0
-27.0,-717.0,1499.0
-138.0,-602.0,1281.0
-112.0,-455.0,1100.0
120.0,-525.0,1189.0
175.0,-385.0,1043.0
99.0,-356.0,950.0
136.0,-359.0,892.0
221.0,-167.0,782.0
443.0,-380.0,975.0
274.0,-112.0,709.0
428.0,-158.0,648.0
360.0,-278.0,761.0
366.0,-287.0,496.0
296.0,-158.0,174.0

-,-,-
234.0,206.0,361.0
413.0,166.0,541.0
428.0,-17.0,660.0
222.0,-24.0,425.0
269.0,101.0,312.0
485.0,-163.0,516.0
355.0,-7.0,413.0
396.0,-266.0,644.0
186.0,-354.0,712.0
14.0,-503.0,1091.0
-85.0,-930.0,1556.0
-205.0,-722.0,1590.0
-77.0,-783.0,1667.0
-10.0,-656.0,1577.0
142.0,-674.0,1630.0
247.0,-723.0,1639.0
216.0,-625.0,1430.0
104.0,-575.0,1251.0
65.0,-501.0,1078.0
46.0,-351.0,936.0
177.0,-411.0,1088.0
179.0,-415.0,1125.0
105.0,-280.0,985.0
105.0,-324.0,1176.0
192.0,-362.0,1035.0
-26.0,-86.0,657.0
109.0,185.0,390.0
78.0,109.0,519.0
184.0,132.0,411.0
114.0,184.0,267.0

-,-,-
295.0,57.0,541.0
215.0,20.0,607.0
255.0,13.0,590.0
326.0,-89.0,494.0
145.0,37.0,344.0
387.0,-146.0,463.0
351.0,5.0,393.0
471.0,-222.0,603.0
230.0,-333.0,752.0
156.0,-343.0,754.0
-112.0,-526.0,1039.0
-217.0,-756.0,1338.0
-246.0,-813.0,1659.0
-88.0,-854.0,1845.0
194.0,-738.0,1763.0
218.0,-593.0,1532.0
250.0,-621.0,1440.0
217.0,-641.0,1365.0
74.0,-632.0,1255.0
62.0,-623.0,1292.0
86.0,-473.0,1056.0
171.0,-426.0,1054.0
97.0,-369.0,912.0
88.0,-291.0,873.0
0.0,-115.0,812.0
15.0,-104.0,891.0
13.0,-61.0,790.0
122.0,-129.0,630.0
136.0,148.0,316.0
56.0,286.0,147.0

-,-,-
323.0,16.0,672.0
410.0,-50.0,653.0
392.0,-91.0,627.0
268.0,-80.0,482.0
384.0,20.0,436.0
364.0,-83.0,454.0
297.0,-48.0,507.0
152.0,-278.0,635.0
41.0,-327.0,743.0
-49.0,-448.0,923.0
-41.0,-608.0,1219.0
-249.0,-578.0,1184.0
-196.0,-850.0,1775.0
-184.0,-812.0,1762.0
-100.0,-868.0,1864.0
-14.0,-808.0,1681.0
-9.0,-689.0,1394.0
-41.0,-594.0,1182.0
-12.0,-442.0,1023.0
38.0,-371.0,1017.0
42.0,-368.0,1030.0
46.0,-368.0,1144.0
46.0,-140.0,912.0
81.0,-159.0,1008.0
139.0,-146.0,896.0
169.0,-159.0,808.0
73.0,-46.0,588.0

-,-,-
76.0,238.0,612.0
213.0,211.0,787.0
122.0,134.0,698.0
5.0,262.0,422.0
0.0,206.0,463.0
102.0,51.0,666.0
-34.0,164.0,454.0
63.0,-232.0,878.0
-67.0,-82.0,605.0
68.0,-432.0,972.0
-89.0,-424.0,931.0
52.0,-875.0,1449.0
-33.0,-770.0,1405.0
-6.0,-882.0,1515.0
134.0,-930.0,1712.0
250.0,-906.0,1761.0
101.0,-723.0,1501.0
-150.0,-559.0,1166.0
-244.0,-568.0,1124.0
-111.0,-549.0,1081.0
-102.0,-489.0,985.0
5.0,-484.0,1040.0
-32.0,-446.0,1029.0
55.0,-413.0,1064.0
-25.0,-372.0,1005.0
-57.0,-121.0,929.0
230.0,-356.0,1276.0
137.0,-81.0,794.0
187.0,-48.0,308.0
346.0,105.0,-30.0

-,-,-
-19.0,268.0,457.0
-123.0,271.0,434.0
-133.0,204.0,486.0
-186.0,54.0,450.0
-252.0,165.0,430.0
0.0,25.0,483.0
-4.0,-35.0,556.0
2.0,-142.0,707.0
211.0,-390.0,808.0
86.0,-346.0,842.0
256.0,-667.0,1253.0
182.0,-686.0,1295.0
150.0,-714.0,1311.0
161.0,-926.0,1769.0
150.0,-823.0,1738.0
45.0,-895.0,1839.0
-88.0,-768.0,1586.0
-149.0,-581.0,1235.0
-148.0,-523.0,1104.0
-45.0,-425.0,977.0
0.0,-417.0,1001.0
155.0,-404.0,1014.0
153.0,-285.0,1005.0
251.0,-508.0,1062.0
367.0,-184.0,661.0
395.0,-83.0,671.0
333.0,-223.0,718.0
393.0,-178.0,570.0
285.0,-239.0,441.0

-,-,-
1.0,198.0,640.0
11.0,272.0,610.0
-96.0,180.0,629.0
-273.0,186.0,441.0
-128.0,32.0,657.0
-69.0,266.0,296.0
-26.0,-3.0,626.0
-23.0,-182.0,562.0
-54.0,-42.0,341.0
154.0,-702.0,1073.0
63.0,-631.0,985.0
137.0,-1123.0,1730.0
-145.0,-911.0,1408.0
1.0,-1173.0,1938.0
87.0,-838.0,1565.0
16.0,-708.0,1473.0
-80.0,-732.0,1321.0
-110.0,-689.0,1217.0
-97.0,-680.0,1151.0
-46.0,-514.0,980.0
41.0,-587.0,992.0
12.0,-460.0,900.0
205.0,-558.0,994.0
301.0,-416.0,910.0
182.0,-347.0,771.0
181.0,-186.0,744.0
261.0,-250.0,765.0
157.0,-31.0,591.0
240.0,-139.0,777.0
181.0,-124.0,804.0
218.0,-240.0,941.0
130.0,-52.0,481.0
127.0,-48.0,498.0
292.0,-37.0,621.0

-,-,-
452.0,55.0,926.0
349.0,77.0,877.0
385.0,78.0,907.0
372.0,46.0,863.0
348.0,4.0,713.0
372.0,-146.0,520.0
379.0,-19.0,347.0
371.0,58.0,318.0
480.0,-151.0,416.0
367.0,-72.0,417.0
427.0,-186.0,625.0
147.0,-276.0,698.0
-78.0,-315.0,729.0
-76.0,-771.0,1224.0
-481.0,-488.0,990.0
-97.0,-945.0,1643.0
-212.0,-807.0,1645.0
-15.0,-916.0,1701.0
191.0,-926.0,1656.0
242.0,-840.0,1452.0
167.0,-759.0,1275.0
176.0,-675.0,1141.0
199.0,-635.0,1085.0
148.0,-463.0,959.0
71.0,-408.0,931.0
61.0,-494.0,1041.0
66.0,-327.0,910.0
104.0,-272.0,1005.0
63.0,-138.0,881.0
40.0,33.0,717.0
19.0,-9.0,670.0
-121.0,38.0,663.0
47.0,133.0,531.0
-136.0,64.0,528.0
-172.0,170.0,494.0
-39.0,56.0,614.0

-,-,-
306.0,13.0,801.0
237.0,12.0,734.0
307.0,-15.0,651.0
371.0,12.0,578.0
323.0,11.0,446.0
360.0,-128.0,579.0
375.0,-28.0,438.0
424.0,-54.0,571.0
336.0,-175.0,596.0
179.0,-101.0,626.0
176.0,-527.0,1046.0
-95.0,-360.0,928.0
-114.0,-594.0,1376.0
-184.0,-708.0,1563.0
-187.0,-641.0,1560.0
92.0,-852.0,1758.0
250.0,-869.0,1773.0
301.0,-765.0,1496.0
245.0,-618.0,1227.0
222.0,-506.0,1088.0
246.0,-494.0,1113.0
164.0,-446.0,971.0
85.0,-421.0,958.0
17.0,-295.0,862.0
-65.0,-267.0,856.0
-25.0,-161.0,845.0
38.0,-96.0,748.0
-58.0,-29.0,737.0
17.0,137.0,593.0
210.0,95.0,639.0
-3.0,166.0,562.0
-112.0,-35.0,683.0

-,-,-
-86.0,264.0,697.0
-3.0,236.0,763.0
102.0,234.0,768.0
-23.0,150.0,588.0
-82.0,324.0,475.0
0.0,200.0,478.0
57.0,-34.0,696.0
-96.0,270.0,452.0
43.0,-222.0,864.0
-64.0,-3.0,694.0
122.0,-291.0,1000.0
21.0,-384.0,1048.0
108.0,-374.0,1045.0
232.0,-685.0,1460.0
102.0,-579.0,1228.0
230.0,-703.0,1486.0
196.0,-645.0,1493.0
227.0,-826.0,1566.0
247.0,-863.0,1589.0
123.0,-700.0,1324.0
47.0,-608.0,1173.0
104.0,-488.0,1023.0
149.0,-402.0,1005.0
224.0,-356.0,956.0
156.0,-286.0,873.0
268.0,-286.0,896.0
268.0,-214.0,860.0
222.0,-294.0,899.0
300.0,-213.0,859.0
63.0,-161.0,691.0
292.0,-102.0,715.0
283.0,-42.0,613.0
314.0,-190.0,686.0

-,-,-
-72.0,215.0,665.0
-74.0,136.0,747.0
-100.0,28.0,684.0
-122.0,39.0,567.0
-51.0,62.0,448.0
54.0,142.0,353.0
0.0,58.0,348.0
110.0,-264.0,721.0
100.0,-149.0,617.0
0.0,-349.0,843.0
-77.0,-678.0,1243.0
-113.0,-647.0,1237.0
213.0,-924.0,1665.0
21.0,-713.0,1327.0
231.0,-915.0,1748.0
153.0,-777.0,1479.0
-48.0,-760.0,1402.0
-144.0,-682.0,1293.0
-206.0,-674.0,1265.0
-149.0,-645.0,1203.0
74.0,-636.0,1213.0
66.0,-477.0,1000.0
54.0,-406.0,860.0
126.0,-367.0,840.0
229.0,-254.0,783.0
173.0,-311.0,849.0
108.0,-277.0,707.0
234.0,-187.0,696.0
239.0,-237.0,788.0
315.0,-45.0,638.0
202.0,-59.0,605.0
230.0,-131.0,651.0
251.0,40.0,409.0

-,-,-
-131.0,118.0,894.0
-134.0,183.0,695.0
-111.0,168.0,684.0
-100.0,143.0,665.0
-109.0,119.0,595.0
-192.0,285.0,456.0
-224.0,76.0,475.0
-243.0,56.0,727.0
-214.0,-179.0,648.0
-37.0,-234.0,886.0
-62.0,-189.0,676.0
154.0,-546.0,984.0
100.0,-452.0,912.0
320.0,-674.0,1216.0
211.0,-782.0,1396.0
310.0,-858.0,1530.0
374.0,-987.0,1755.0
159.0,-911.0,1583.0
36.0,-862.0,1525.0
-65.0,-704.0,1288.0
48.0,-662.0,1241.0
-10.0,-505.0,998.0
21.0,-440.0,918.0
68.0,-440.0,933.0
140.0,-332.0,842.0
138.0,-353.0,836.0
191.0,-201.0,700.0
209.0,-317.0,876.0
220.0,-199.0,709.0
367.0,-195.0,762.0
305.0,-77.0,559.0
326.0,-118.0,478.0

-,-,-
325.0,17.0,699.0
418.0,-43.0,654.0
424.0,-67.0,583.0
250.0,-124.0,418.0
207.0,-161.0,491.0
192.0,-175.0,458.0
171.0,-231.0,397.0
39.0,-226.0,572.0
-54.0,-539.0,911.0
-66.0,-538.0,1139.0
-239.0,-602.0,1228.0
-235.0,-935.0,1547.0
-180.0,-803.0,1489.0
65.0,-912.0,1579.0
180.0,-934.0,1566.0
236.0,-901.0,1495.0
69.0,-982.0,1461.0
-84.0,-903.0,1338.0
-103.0,-729.0,1139.0
-68.0,-616.0,963.0
-49.0,-440.0,833.0
48.0,-396.0,895.0
55.0,-320.0,787.0
153.0,-67.0,696.0
50.0,-85.0,664.0
-23.0,-42.0,709.0
26.0,-50.0,700.0
-91.0,-67.0,656.0
-167.0,68.0,566.0
-208.0,27.0,514.0

-,-,-
-170.0,87.0,637.0
-211.0,59.0,790.0
-110.0,-29.0,749.0
-120.0,69.0,539.0
-208.0,217.0,299.0
-26.0,-105.0,591.0
-55.0,26.0,453.0
-63.0,-203.0,601.0
-16.0,-150.0,678.0
33.0,-342.0,858.0
6.0,-402.0,897.0
78.0,-725.0,1342.0
-12.0,-623.0,1085.0
110.0,-851.0,1483.0
245.0,-968.0,1643.0
264.0,-1020.0,1714.0
75.0,-992.0,1614.0
-27.0,-931.0,1565.0
-50.0,-746.0,1287.0
-114.0,-692.0,1110.0
-159.0,-493.0,872.0
-35.0,-399.0,851.0
117.0,-395.0,908.0
192.0,-399.0,887.0
176.0,-319.0,843.0
246.0,-293.0,853.0
305.0,-361.0,765.0
316.0,-136.0,498.0
322.0,-112.0,341.0
204.0,-39.0,190.0
209.0,-114.0,464.0

-,-,-
385.0,-132.0,831.0
253.0,-181.0,678.0
254.0,-43.0,605.0
350.0,-120.0,544.0
221.0,-214.0,485.0
121.0,20.0,329.0
364.0,-435.0,706.0
156.0,-137.0,477.0
122.0,-403.0,760.0
-60.0,-639.0,1056.0
-424.0,-514.0,872.0
-286.0,-900.0,1579.0
-447.0,-814.0,1662.0
-183.0,-1113.0,1999.0
-143.0,-829.0,1765.0
-62.0,-763.0,1568.0
-11.0,-613.0,1205.0
11.0,-636.0,1138.0
36.0,-530.0,992.0
98.0,-441.0,973.0
226.0,-362.0,976.0
210.0,-395.0,998.0
167.0,-287.0,1001.0
-13.0,-274.0,904.0
-36.0,-317.0,931.0
-107.0,-229.0,884.0
-143.0,-101.0,572.0
-181.0,53.0,403.0
-328.0,31.0,287.0

-,-,-
-168.0,115.0,702.0
-94.0,107.0,789.0
-71.0,39.0,766.0
-150.0,62.0,485.0
-220.0,136.0,458.0
-74.0,-64.0,579.0
-36.0,43.0,611.0
-17.0,-145.0,759.0
-12.0,-95.0,684.0
47.0,-284.0,937.0
38.0,-416.0,1079.0
-115.0,-446.0,945.0
28.0,-766.0,1438.0
-67.0,-625.0,1250.0
14.0,-794.0,1566.0
29.0,-935.0,1764.0
-108.0,-903.0,1669.0
-255.0,-770.0,1415.0
-209.0,-606.0,1216.0
-24.0,-580.0,1216.0
-2.0,-461.0,1000.0
-86.0,-463.0,1017.0
-38.0,-413.0,1020.0
-48.0,-337.0,843.0
85.0,-333.0,865.0
-89.0,-76.0,639.0
96.0,-238.0,837.0
46.0,-99.0,648.0
47.0,-200.0,806.0
261.0,-73.0,583.0
157.0,-198.0,628.0

-,-,-
338.0,62.0,663.0
240.0,-5.0,639.0
214.0,-41.0,690.0
290.0,-56.0,558.0
199.0,48.0,481.0
192.0,-238.0,580.0
112.0,71.0,440.0
197.0,-249.0,669.0
87.0,-366.0,859.0
-207.0,-263.0,686.0
11.0,-903.0,1398.0
-278.0,-516.0,1054.0
-193.0,-855.0,1392.0
-193.0,-853.0,1490.0
-184.0,-665.0,1412.0
-73.0,-829.0,1641.0
-68.0,-807.0,1589.0
-129.0,-751.0,1414.0
-95.0,-717.0,1260.0
-35.0,-650.0,1206.0
26.0,-510.0,998.0
28.0,-447.0,946.0
36.0,-379.0,880.0
168.0,-315.0,893.0
-41.0,-304.0,818.0
-78.0,-153.0,734.0
93.0,-263.0,920.0
-178.0,-132.0,690.0
-39.0,-53.0,702.0
-132.0,-14.0,707.0

-,-,-
-148.0,136.0,516.0
-189.0,112.0,660.0
21.0,49.0,656.0
-34.0,141.0,444.0
-78.0,242.0,376.0
38.0,-138.0,628.0
-141.0,111.0,452.0
54.0,-255.0,718.0
-43.0,-201.0,709.0
-17.0,-409.0,889.0
68.0,-688.0,1275.0
-57.0,-618.0,1119.0
47.0,-880.0,1330.0
-39.0,-905.0,1552.0
121.0,-901.0,1565.0
91.0,-926.0,1589.0
-106.0,-803.0,1375.0
-280.0,-710.0,1205.0
-172.0,-741.0,1283.0
-130.0,-657.0,1167.0
-135.0,-557.0,1054.0
-69.0,-564.0,1045.0
-24.0,-321.0,785.0
103.0,-414.0,876.0
170.0,-224.0,719.0
181.0,-116.0,606.0
402.0,-199.0,903.0
277.0,-187.0,844.0
273.0,-260.0,996.0
256.0,-177.0,832.0
143.0,-277.0,720.0
148.0,-67.0,346.0

-,-,-
228.0,37.0,826.0
347.0,-231.0,1099.0
34.0,-242.0,905.0
-11.0,-51.0,877.0
-45.0,-427.0,942.0
-73.0,-245.0,733.0
109.0,-439.0,921.0
14.0,-304.0,774.0
-21.0,-439.0,758.0
-18.0,-743.0,1326.0
-111.0,-555.0,1086.0
-228.0,-630.0,1246.0
55.0,-914.0,1746.0
232.0,-775.0,1621.0
205.0,-810.0,1553.0
102.0,-874.0,1484.0
56.0,-789.0,1312.0
46.0,-739.0,1224.0
-74.0,-618.0,1048.0
-11.0,-478.0,937.0
-40.0,-454.0,985.0
97.0,-231.0,735.0
-79.0,-260.0,853.0
35.0,-152.0,755.0
-137.0,-68.0,587.0
-128.0,-111.0,654.0
-230.0,-30.0,395.0
-331.0,83.0,219.0

-,-,-
-56.0,139.0,634.0
-81.0,165.0,641.0
7.0,71.0,777.0
-74.0,17.0,556.0
-217.0,231.0,337.0
15.0,-30.0,405.0
85.0,-100.0,694.0
96.0,-52.0,574.0
105.0,-157.0,787.0
128.0,-326.0,887.0
111.0,-460.0,1016.0
65.0,-612.0,1125.0
81.0,-760.0,1370.0
7.0,-812.0,1354.0
147.0,-1004.0,1652.0
164.0,-1022.0,1703.0
86.0,-896.0,1501.0
-23.0,-817.0,1349.0
-27.0,-746.0,1294.0
-16.0,-617.0,1121.0
-12.0,-516.0,1011.0
12.0,-386.0,913.0
200.0,-433.0,1012.0
151.0,-324.0,840.0
176.0,-310.0,765.0
415.0,-223.0,695.0
57.0,-295.0,665.0
367.0,-199.0,790.0
261.0,-391.0,769.0
214.0,-105.0,384.0
230.0,-107.0,354.0

-,-,-
301.0,104.0,520.0
245.0,55.0,559.0
329.0,-88.0,680.0
321.0,-65.0,534.0
248.0,-65.0,425.0
235.0,-172.0,524.0
270.0,-256.0,678.0
222.0,-258.0,571.0
230.0,-342.0,904.0
162.0,-354.0,814.0
-232.0,-244.0,905.0
-208.0,-736.0,1280.0
-357.0,-512.0,1026.0
-127.0,-713.0,1418.0
-104.0,-763.0,1404.0
-39.0,-707.0,1473.0
39.0,-798.0,1629.0
20.0,-891.0,1656.0
-111.0,-827.0,1453.0
-47.0,-697.0,1243.0
28.0,-552.0,1065.0
-26.0,-504.0,1023.0
-33.0,-402.0,854.0
-84.0,-410.0,1028.0
27.0,-219.0,827.0
-225.0,-190.0,741.0
-37.0,-176.0,760.0
-124.0,-57.0,659.0
-108.0,-123.0,605.0
-162.0,97.0,401.0
-197.0,77.0,395.0

-,-,-
-87.0,122.0,504.0
16.0,100.0,683.0
15.0,95.0,717.0
-62.0,50.0,615.0
-112.0,136.0,570.0
-122.0,12.0,532.0
-125.0,-70.0,710.0
-57.0,-161.0,614.0
-37.0,-95.0,703.0
93.0,-285.0,733.0
-52.0,-439.0,1014.0
0.0,-562.0,961.0
27.0,-734.0,1252.0
42.0,-851.0,1321.0
235.0,-1235.0,1757.0
247.0,-1118.0,1708.0
250.0,-1010.0,1550.0
112.0,-866.0,1309.0
-16.0,-654.0,1041.0
31.0,-558.0,987.0
72.0,-600.0,1046.0
93.0,-537.0,1009.0
168.0,-460.0,883.0
78.0,-549.0,940.0
171.0,-343.0,781.0
234.0,-361.0,911.0
211.0,-304.0,771.0
185.0,-161.0,616.0
295.0,-262.0,591.0
197.0,-121.0,200.0
238.0,30.0,56.0

-,-,-
282.0,-25.0,613.0
375.0,-95.0,663.0
311.0,-176.0,646.0
250.0,-130.0,416.0
406.0,-49.0,510.0
323.0,-145.0,497.0
178.0,-199.0,560.0
101.0,-367.0,818.0
59.0,-406.0,915.0
-3.0,-525.0,1009.0
-17.0,-451.0,1057.0
-174.0,-685.0,1206.0
-73.0,-709.0,1312.0
-155.0,-675.0,1329.0
-81.0,-831.0,1600.0
-23.0,-792.0,1573.0
-49.0,-770.0,1430.0
63.0,-749.0,1373.0
73.0,-729.0,1293.0
83.0,-597.0,1127.0
73.0,-543.0,1072.0
44.0,-541.0,1130.0
11.0,-437.0,993.0
22.0,-306.0,915.0
-19.0,-283.0,863.0
-66.0,-123.0,748.0
-90.0,-143.0,729.0
15.0,-18.0,541.0
-73.0,183.0,219.0
-136.0,25.0,422.0

-,-,-
-26.0,116.0,630.0
4.0,154.0,633.0
20.0,36.0,709.0
-59.0,18.0,612.0
-121.0,188.0,455.0
-8.0,-30.0,548.0
-144.0,89.0,470.0
-58.0,-235.0,737.0
-111.0,-187.0,700.0
-49.0,-387.0,878.0
-31.0,-493.0,1013.0
-15.0,-607.0,1096.0
141.0,-825.0,1316.0
-118.0,-617.0,1045.0
248.0,-1123.0,1952.0
-34.0,-801.0,1574.0
-115.0,-865.0,1590.0
-279.0,-760.0,1348.0
-274.0,-618.0,1172.0
-122.0,-597.0,1129.0
-38.0,-633.0,1123.0
5.0,-533.0,1028.0
105.0,-541.0,1007.0
39.0,-482.0,859.0
39.0,-335.0,773.0
205.0,-379.0,947.0
189.0,-201.0,733.0
329.0,-302.0,880.0
276.0,-119.0,731.0
307.0,-189.0,560.0
30.0,-379.0,509.0
30.0,-81.0,339.0

-,-,-
255.0,54.0,508.0
354.0,-29.0,644.0
279.0,-120.0,630.0
232.0,-104.0,492.0
239.0,-87.0,462.0
234.0,-243.0,586.0
143.0,-371.0,757.0
72.0,-256.0,626.0
102.0,-597.0,1060.0
-225.0,-466.0,853.0
-81.0,-727.0,1180.0
-188.0,-696.0,1405.0
-102.0,-948.0,1736.0
-208.0,-524.0,1325.0
-166.0,-701.0,1553.0
-1.0,-709.0,1568.0
-7.0,-750.0,1491.0
-66.0,-731.0,1332.0
-55.0,-627.0,1193.0
-63.0,-547.0,1101.0
-37.0,-475.0,1000.0
-106.0,-420.0,1017.0
-41.0,-273.0,871.0
-123.0,-201.0,865.0
-74.0,-141.0,816.0
-6.0,-207.0,830.0
-137.0,147.0,425.0
-112.0,3.0,364.0

-,-,-
-189.0,106.0,518.0
-183.0,92.0,707.0
-134.0,126.0,648.0
-159.0,57.0,539.0
-166.0,87.0,538.0
-30.0,-13.0,623.0
-159.0,82.0,398.0
29.0,-125.0,625.0
-50.0,-126.0,454.0
-38.0,-148.0,703.0
150.0,-510.0,900.0
-25.0,-584.0,1096.0
-12.0,-851.0,1361.0
-16.0,-949.0,1687.0
-52.0,-884.0,1625.0
7.0,-801.0,1507.0
-9.0,-796.0,1597.0
-162.0,-886.0,1581.0
-172.0,-804.0,1379.0
-114.0,-730.0,1243.0
16.0,-584.0,1061.0
61.0,-564.0,1080.0
81.0,-530.0,899.0
181.0,-409.0,861.0
177.0,-272.0,732.0
96.0,-131.0,624.0
422.0,-297.0,801.0
75.0,-221.0,284.0
297.0,36.0,9.0

-,-,-
237.0,49.0,399.0
333.0,-76.0,430.0
368.0,-90.0,433.0
464.0,-234.0,514.0
276.0,-155.0,350.0
231.0,-308.0,467.0
251.0,-211.0,491.0
264.0,-454.0,729.0
148.0,-371.0,868.0
-16.0,-518.0,928.0
-50.0,-696.0,1289.0
-372.0,-423.0,976.0
-205.0,-923.0,1596.0
-357.0,-621.0,1456.0
-409.0,-673.0,1470.0
-264.0,-637.0,1421.0
34.0,-589.0,1419.0
152.0,-612.0,1352.0
74.0,-637.0,1285.0
13.0,-687.0,1287.0
1.0,-612.0,1110.0
-16.0,-546.0,1091.0
45.0,-392.0,932.0
-8.0,-435.0,1032.0
3.0,-255.0,812.0
40.0,-156.0,768.0
-186.0,-155.0,638.0

-,-,-
-131.0,90.0,600.0
-217.0,253.0,555.0
-97.0,213.0,534.0
-125.0,145.0,611.0
-133.0,106.0,520.0
-233.0,211.0,434.0
-21.0,20.0,605.0
-44.0,-17.0,636.0
62.0,29.0,654.0
157.0,-269.0,820.0
21.0,-145.0,767.0
72.0,-621.0,1214.0
-131.0,-349.0,843.0
41.0,-837.0,1627.0
-67.0,-637.0,1326.0
-145.0,-813.0,1653.0
-180.0,-847.0,1647.0
-250.0,-861.0,1638.0
-309.0,-723.0,1357.0
-221.0,-626.0,1270.0
-121.0,-515.0,1149.0
-20.0,-477.0,1187.0
9.0,-440.0,1113.0
46.0,-349.0,933.0
18.0,-332.0,966.0
272.0,-237.0,727.0
145.0,-243.0,689.0
268.0,-284.0,509.0
249.0,-147.0,224.0
68.0,-307.0,378.0

-,-,-
275.0,109.0,358.0
397.0,54.0,591.0
404.0,-75.0,555.0
215.0,-17.0,528.0
339.0,-111.0,524.0
197.0,66.0,447.0
313.0,-211.0,748.0
31.0,-110.0,626.0
85.0,-226.0,831.0
-28.0,-484.0,1012.0
-207.0,-249.0,916.0
-193.0,-746.0,1421.0
-370.0,-528.0,1361.0
-305.0,-732.0,1596.0
-306.0,-702.0,1620.0
-188.0,-701.0,1648.0
-162.0,-693.0,1504.0
-135.0,-590.0,1286.0
-73.0,-549.0,1197.0
-57.0,-436.0,1095.0
37.0,-441.0,1192.0
90.0,-362.0,1069.0
16.0,-222.0,1066.0
174.0,-248.0,1122.0
31.0,-110.0,895.0
-54.0,-143.0,880.0
71.0,-100.0,609.0
-261.0,79.0,284.0
-239.0,-44.0,355.0

-,-,-
305.0,52.0,741.0
253.0,-49.0,750.0
205.0,15.0,540.0
223.0,-155.0,510.0
170.0,0.0,345.0
268.0,-48.0,376.0
399.0,-272.0,638.0
143.0,14.0,341.0
167.0,-449.0,1021.0
-209.0,-228.0,871.0
-345.0,-896.0,1637.0
-494.0,-818.0,1790.0
-600.0,-1037.0,1934.0
-280.0,-915.0,1898.0
-219.0,-804.0,1691.0
-210.0,-693.0,1470.0
-163.0,-536.0,1225.0
-53.0,-389.0,1058.0
103.0,-399.0,1180.0
-5.0,-249.0,1075.0
113.0,-230.0,1001.0
97.0,-163.0,895.0
-44.0,-104.0,645.0
-122.0,-142.0,526.0
-181.0,-50.0,206.0

-,-,-
-165.0,150.0,550.0
-269.0,189.0,516.0
-206.0,211.0,464.0
-63.0,48.0,553.0
-225.0,153.0,264.0
-104.0,92.0,439.0
-114.0,134.0,465.0
-47.0,1.0,657.0
-167.0,-302.0,813.0
-185.0,-238.0,826.0
-169.0,-636.0,1101.0
-123.0,-633.0,1265.0
-289.0,-746.0,1129.0
-153.0,-990.0,1664.0
-272.0,-749.0,1356.0
-225.0,-999.0,1753.0
-301.0,-845.0,1514.0
-321.0,-817.0,1422.0
-382.0,-633.0,1203.0
-296.0,-640.0,1226.0
-327.0,-556.0,1116.0
-52.0,-604.0,1171.0
4.0,-449.0,958.0
113.0,-362.0,844.0
143.0,-385.0,825.0
188.0,-383.0,779.0
274.0,-225.0,463.0
81.0,-132.0,275.0
103.0,-102.0,381.0

-,-,-
175.0,63.0,569.0
268.0,63.0,509.0
358.0,-19.0,568.0
251.0,-65.0,417.0
317.0,-11.0,380.0
299.0,-25.0,437.0
346.0,-110.0,403.0
106.0,-89.0,475.0
121.0,-590.0,1029.0
-102.0,-230.0,782.0
-234.0,-674.0,1257.0
-415.0,-491.0,1404.0
-444.0,-641.0,1557.0
-265.0,-906.0,1891.0
-129.0,-791.0,1866.0
-109.0,-787.0,1653.0
-180.0,-650.0,1366.0
-139.0,-599.0,1307.0
-80.0,-518.0,1225.0
9.0,-427.0,1166.0
114.0,-290.0,1066.0
58.0,-241.0,1040.0
82.0,-121.0,779.0
15.0,-127.0,871.0
-61.0,-55.0,587.0
-27.0,81.0,409.0
-126.0,-99.0,642.0
-160.0,14.0,360.0
-307.0,86.0,177.0

-,-,-
-296.0,148.0,843.0
-250.0,171.0,631.0
-207.0,139.0,605.0
-195.0,22.0,645.0
-234.0,139.0,383.0
-128.0,107.0,445.0
-99.0,6.0,512.0
-160.0,45.0,547.0
-129.0,-298.0,738.0
-95.0,-103.0,634.0
-127.0,-510.0,960.0
-120.0,-461.0,1059.0
-227.0,-793.0,1317.0
-55.0,-847.0,1706.0
-51.0,-938.0,1771.0
-45.0,-815.0,1626.0
-3.0,-817.0,1661.0
-167.0,-705.0,1408.0
-256.0,-635.0,1299.0
-180.0,-553.0,1207.0
-46.0,-521.0,1192.0
-81.0,-359.0,956.0
-34.0,-218.0,833.0
130.0,-376.0,1001.0
-78.0,-229.0,729.0
338.0,-276.0,820.0
100.0,-239.0,472.0
129.0,-98.0,377.0

-,-,-
255.0,31.0,628.0
160.0,224.0,271.0
204.0,22.0,482.0
157.0,25.0,446.0
308.0,-50.0,539.0
250.0,84.0,231.0
171.0,-114.0,440.0
215.0,-205.0,513.0
111.0,-287.0,703.0
205.0,-319.0,773.0
-175.0,-297.0,810.0
-322.0,-890.0,1416.0
-304.0,-538.0,1405.0
-316.0,-703.0,1674.0
-366.0,-702.0,1813.0
-282.0,-785.0,1899.0
-194.0,-710.0,1653.0
-159.0,-634.0,1409.0
-101.0,-588.0,1271.0
9.0,-461.0,1125.0
152.0,-463.0,1306.0
45.0,-385.0,997.0
81.0,-297.0,825.0
-261.0,-261.0,982.0
26.0,-193.0,713.0
-296.0,-236.0,784.0
-161.0,-153.0,552.0
-315.0,44.0,137.0

-,-,-
-175.0,216.0,840.0
-124.0,198.0,603.0
-194.0,201.0,624.0
-153.0,211.0,585.0
-128.0,178.0,521.0
-107.0,182.0,326.0
-129.0,153.0,493.0
-91.0,-68.0,573.0
-157.0,-17.0,657.0
-66.0,-208.0,818.0
-78.0,-140.0,625.0
-226.0,-510.0,1041.0
-134.0,-674.0,1230.0
-119.0,-635.0,1301.0
-40.0,-729.0,1382.0
-97.0,-727.0,1355.0
-94.0,-845.0,1456.0
-21.0,-973.0,1675.0
-137.0,-905.0,1568.0
-321.0,-779.0,1353.0
-372.0,-646.0,1163.0
-295.0,-512.0,1053.0
-71.0,-535.0,1092.0
-33.0,-399.0,1008.0
-50.0,-363.0,911.0
106.0,-372.0,998.0
91.0,-287.0,865.0
151.0,-289.0,812.0
82.0,-238.0,523.0
203.0,-216.0,397.0

-,-,-
166.0,122.0,667.0
239.0,93.0,562.0
174.0,35.0,619.0
257.0,-31.0,681.0
227.0,13.0,509.0
262.0,19.0,537.0
268.0,-18.0,584.0
257.0,-62.0,553.0
194.0,1.0,520.0
312.0,-248.0,852.0
154.0,-263.0,885.0
-20.0,-247.0,825.0
-198.0,-646.0,1217.0
-371.0,-498.0,1073.0
-221.0,-730.0,1598.0
-288.0,-691.0,1643.0
-100.0,-847.0,1880.0
-61.0,-783.0,1658.0
-42.0,-675.0,1425.0
-46.0,-532.0,1232.0
23.0,-511.0,1196.0
-1.0,-474.0,1155.0
48.0,-352.0,1056.0
14.0,-347.0,1133.0
303.0,-252.0,876.0
10.0,-243.0,774.0
-64.0,-87.0,638.0
18.0,-159.0,544.0

-,-,-
-60.0,169.0,707.0
-37.0,250.0,678.0
-27.0,187.0,756.0
3.0,172.0,742.0
-5.0,241.0,630.0
-42.0,181.0,572.0
-53.0,233.0,535.0
-95.0,214.0,470.0
-86.0,168.0,352.0
20.0,-186.0,654.0
88.0,-304.0,724.0
52.0,-317.0,697.0
175.0,-571.0,979.0
-6.0,-578.0,915.0
34.0,-792.0,1304.0
-16.0,-705.0,1118.0
-154.0,-847.0,1195.0
-144.0,-964.0,1236.0
13.0,-1117.0,1507.0
89.0,-1113.0,1499.0
78.0,-1024.0,1426.0
33.0,-887.0,1280.0
-60.0,-767.0,1079.0
-111.0,-666.0,992.0
-47.0,-605.0,987.0
-48.0,-527.0,986.0
33.0,-411.0,894.0
51.0,-313.0,810.0
250.0,-134.0,990.0
166.0,-351.0,754.0
450.0,-208.0,312.0
245.0,64.0,-72.0

-,-,-
217.0,136.0,520.0
277.0,119.0,534.0
364.0,54.0,599.0
228.0,-88.0,486.0
192.0,-49.0,450.0
302.0,-145.0,473.0
205.0,-32.0,492.0
243.0,-206.0,520.0
74.0,-186.0,625.0
-160.0,-431.0,936.0
-192.0,-588.0,1270.0
-314.0,-611.0,1251.0
-332.0,-845.0,1760.0
-328.0,-718.0,1611.0
-149.0,-846.0,1820.0
-19.0,-804.0,1655.0
-25.0,-729.0,1457.0
-46.0,-612.0,1226.0
-90.0,-560.0,1171.0
-54.0,-484.0,1083.0
-38.0,-425.0,1137.0
-93.0,-454.0,1097.0
-73.0,-320.0,1003.0
-45.0,-38.0,798.0
272.0,-226.0,1007.0
-373.0,-140.0,609.0
69.0,55.0,457.0
-99.0,93.0,267.0

-,-,-
-107.0,362.0,553.0
-29.0,226.0,657.0
-74.0,251.0,652.0
38.0,282.0,638.0
137.0,354.0,597.0
-42.0,208.0,515.0
-92.0,228.0,481.0
17.0,34.0,698.0
-50.0,217.0,545.0
11.0,69.0,694.0
-104.0,24.0,547.0
-96.0,-165.0,700.0
50.0,-451.0,916.0
-18.0,-444.0,1032.0
81.0,-763.0,1400.0
-75.0,-635.0,1218.0
-103.0,-755.0,1347.0
-45.0,-885.0,1558.0
131.0,-1017.0,1776.0
73.0,-930.0,1658.0
-48.0,-781.0,1419.0
-164.0,-625.0,1147.0
-144.0,-519.0,1049.0
-132.0,-527.0,1033.0
-57.0,-461.0,964.0
-44.0,-341.0,901.0
142.0,-327.0,932.0
14.0,-386.0,1000.0
202.0,-240.0,687.0
169.0,-200.0,688.0
176.0,-137.0,424.0
218.0,41.0,237.0

-,-,-
393.0,104.0,654.0
382.0,-9.0,676.0
412.0,-58.0,734.0
347.0,-82.0,609.0
186.0,-31.0,456.0
258.0,-167.0,550.0
135.0,-43.0,416.0
229.0,-363.0,710.0
85.0,-62.0,449.0
44.0,-390.0,800.0
0.0,-536.0,1076.0
-249.0,-605.0,1174.0
-184.0,-767.0,1393.0
-322.0,-687.0,1421.0
-87.0,-923.0,1781.0
-72.0,-799.0,1733.0
-49.0,-801.0,1645.0
-45.0,-713.0,1397.0
-57.0,-673.0,1304.0
-33.0,-545.0,1113.0
-38.0,-481.0,1064.0
33.0,-445.0,1095.0
19.0,-398.0,1009.0
52.0,-208.0,848.0
-126.0,-247.0,875.0
-79.0,-89.0,734.0
-5.0,-43.0,500.0
-199.0,-136.0,615.0

-,-,-
30.0,191.0,615.0
36.0,190.0,614.0
131.0,259.0,521.0
121.0,179.0,531.0
-88.0,222.0,423.0
-49.0,1.0,531.0
-75.0,129.0,470.0
-78.0,-172.0,622.0
-40.0,-89.0,632.0
-88.0,-367.0,880.0
-9.0,-520.0,849.0
-1.0,-691.0,1231.0
-37.0,-638.0,1091.0
-94.0,-866.0,1548.0
14.0,-972.0,1705.0
59.0,-1000.0,1811.0
-28.0,-903.0,1597.0
-112.0,-696.0,1276.0
-154.0,-599.0,1132.0
-103.0,-600.0,1112.0
-16.0,-602.0,1189.0
54.0,-504.0,1085.0
144.0,-481.0,1036.0
54.0,-333.0,870.0
83.0,-319.0,814.0
289.0,-333.0,824.0
84.0,-285.0,610.0
203.0,-166.0,439.0

-,-,-
190.0,131.0,488.0
281.0,59.0,502.0
290.0,46.0,561.0
443.0,62.0,575.0
345.0,-20.0,494.0
232.0,-2.0,319.0
269.0,-104.0,503.0
104.0,-226.0,462.0
108.0,-253.0,507.0
154.0,-448.0,891.0
11.0,-491.0,945.0
-162.0,-646.0,1277.0
-271.0,-882.0,1568.0
-267.0,-762.0,1525.0
-168.0,-876.0,1659.0
-44.0,-895.0,1753.0
-7.0,-886.0,1656.0
-89.0,-760.0,1379.0
-116.0,-618.0,1144.0
-80.0,-555.0,1116.0
83.0,-483.0,1147.0
-11.0,-517.0,1137.0
-71.0,-379.0,1016.0
133.0,-362.0,1030.0
100.0,-63.0,685.0
190.0,183.0,520.0
82.0,121.0,396.0
53.0,94.0,517.0

-,-,-
-27.0,173.0,636.0
-94.0,115.0,620.0
-58.0,248.0,527.0
108.0,278.0,553.0
-57.0,280.0,408.0
-95.0,180.0,396.0
-34.0,111.0,563.0
-15.0,-84.0,701.0
-120.0,49.0,676.0
-38.0,-253.0,848.0
-67.0,-427.0,1021.0
-49.0,-556.0,1016.0
-6.0,-655.0,1161.0
21.0,-706.0,1123.0
68.0,-806.0,1254.0
198.0,-994.0,1621.0
222.0,-1005.0,1670.0
132.0,-921.0,1506.0
-34.0,-791.0,1252.0
-131.0,-621.0,1049.0
-132.0,-535.0,1014.0
-95.0,-519.0,1048.0
1.0,-529.0,1126.0
62.0,-420.0,1104.0
97.0,-346.0,1041.0
202.0,-409.0,1067.0
71.0,-173.0,802.0
268.0,-355.0,871.0
133.0,-186.0,620.0
288.0,-131.0,626.0
263.0,-225.0,351.0

-,-,-
149.0,115.0,312.0
205.0,81.0,464.0
318.0,-7.0,667.0
280.0,-98.0,662.0
169.0,87.0,488.0
363.0,-110.0,691.0
208.0,13.0,470.0
239.0,-187.0,648.0
212.0,-188.0,810.0
74.0,-376.0,872.0
3.0,-432.0,1154.0
-196.0,-582.0,1235.0
-304.0,-585.0,1327.0
-224.0,-735.0,1690.0
-110.0,-718.0,1678.0
-57.0,-684.0,1640.0
-69.0,-615.0,1443.0
-47.0,-580.0,1299.0
-65.0,-517.0,1187.0
-32.0,-481.0,1132.0
126.0,-378.0,1078.0
70.0,-317.0,1075.0
87.0,-318.0,1078.0
231.0,-332.0,1224.0
-57.0,-128.0,776.0
-97.0,-145.0,854.0
20.0,-77.0,723.0
-58.0,-127.0,504.0

-,-,-
-103.0,214.0,479.0
-95.0,159.0,597.0
-7.0,123.0,622.0
-55.0,94.0,593.0
-68.0,167.0,424.0
-75.0,195.0,515.0
1.0,-16.0,603.0
-70.0,138.0,484.0
30.0,-239.0,804.0
-43.0,-166.0,694.0
45.0,-467.0,1014.0
-23.0,-508.0,1110.0
-73.0,-691.0,1331.0
-60.0,-935.0,1763.0
-108.0,-777.0,1555.0
49.0,-946.0,1888.0
-67.0,-782.0,1518.0
-118.0,-728.0,1352.0
-188.0,-663.0,1219.0
-111.0,-605.0,1266.0
-65.0,-597.0,1214.0
-175.0,-385.0,1014.0
-32.0,-364.0,976.0
230.0,-400.0,1086.0
12.0,-255.0,665.0
327.0,-173.0,752.0
197.0,-153.0,691.0
280.0,-80.0,400.0
262.0,110.0,332.0

-,-,-
244.0,404.0,404.0
218.0,127.0,587.0
362.0,179.0,489.0
337.0,79.0,437.0
172.0,-132.0,440.0
228.0,12.0,300.0
424.0,-106.0,468.0
237.0,-8.0,270.0
235.0,-225.0,627.0
97.0,-478.0,910.0
-22.0,-708.0,1016.0
-197.0,-888.0,1439.0
-223.0,-883.0,1388.0
-314.0,-942.0,1648.0
-118.0,-1079.0,1907.0
-102.0,-1081.0,1925.0
-102.0,-933.0,1505.0
-26.0,-732.0,1193.0
-55.0,-601.0,1011.0
37.0,-535.0,1025.0
119.0,-441.0,968.0
139.0,-399.0,963.0
71.0,-340.0,1001.0
141.0,-370.0,997.0
-93.0,-195.0,695.0
-30.0,-177.0,829.0
-57.0,-215.0,760.0
113.0,-31.0,557.0
-95.0,-140.0,523.0

-,-,-
30.0,412.0,366.0
-136.0,171.0,599.0
-254.0,267.0,480.0
-176.0,248.0,489.0
-209.0,222.0,458.0
-196.0,171.0,447.0
-214.0,187.0,448.0
-90.0,-26.0,711.0
-48.0,-119.0,716.0
31.0,-257.0,845.0
170.0,-282.0,820.0
205.0,-347.0,892.0
228.0,-594.0,1121.0
255.0,-731.0,1281.0
109.0,-816.0,1306.0
155.0,-739.0,1144.0
137.0,-949.0,1511.0
201.0,-999.0,1566.0
106.0,-887.0,1414.0
-1.0,-850.0,1371.0
-119.0,-664.0,1103.0
-178.0,-616.0,1094.0
-53.0,-578.0,1078.0
62.0,-470.0,1169.0
75.0,-326.0,965.0
-45.0,-266.0,903.0
63.0,-278.0,1086.0
105.0,-196.0,654.0
183.0,-208.0,593.0
155.0,-129.0,185.0

-,-,-
305.0,91.0,344.0
294.0,37.0,352.0
401.0,-32.0,496.0
461.0,4.0,499.0
404.0,-83.0,412.0
229.0,-35.0,364.0
387.0,-221.0,516.0
346.0,-94.0,451.0
317.0,-250.0,657.0
282.0,-421.0,910.0
-100.0,-383.0,878.0
-237.0,-864.0,1522.0
-431.0,-494.0,1230.0
-271.0,-856.0,1858.0
-265.0,-738.0,1799.0
-7.0,-787.0,1854.0
132.0,-681.0,1578.0
97.0,-556.0,1283.0
63.0,-467.0,1153.0
101.0,-479.0,1145.0
123.0,-405.0,1121.0
117.0,-284.0,918.0
79.0,-300.0,1013.0
143.0,-187.0,772.0
-64.0,-254.0,782.0
31.0,-248.0,800.0
-261.0,-135.0,376.0

-,-,-
-190.0,288.0,487.0
-96.0,211.0,665.0
274.0,274.0,710.0
-23.0,344.0,413.0
-128.0,286.0,715.0
17.0,50.0,728.0
-39.0,154.0,915.0
143.0,25.0,1009.0
88.0,36.0,972.0
88.0,59.0,958.0
139.0,-139.0,941.0
60.0,-56.0,916.0
54.0,-192.0,909.0
7.0,-210.0,911.0
29.0,-292.0,1020.0
6.0,-421.0,1015.0
20.0,-434.0,1142.0
16.0,-437.0,979.0
42.0,-492.0,1186.0
88.0,-619.0,1446.0
33.0,-607.0,1409.0
-60.0,-682.0,1477.0
-82.0,-610.0,1441.0
-101.0,-580.0,1353.0
-53.0,-479.0,1263.0
5.0,-423.0,1189.0
85.0,-398.0,1146.0
46.0,-303.0,956.0
69.0,-226.0,846.0
246.0,-253.0,979.0
82.0,-191.0,794.0
136.0,-46.0,697.0
422.0,-200.0,869.0
125.0,-113.0,423.0
374.0,165.0,307.0
303.0,-172.0,699.0

-,-,-
311.0,283.0,843.0
363.0,377.0,894.0
416.0,327.0,932.0
323.0,282.0,686.0
320.0,209.0,622.0
358.0,280.0,557.0
445.0,100.0,275.0
250.0,220.0,290.0
425.0,111.0,407.0
281.0,-129.0,408.0
266.0,67.0,286.0
437.0,-190.0,664.0
151.0,-210.0,515.0
164.0,-690.0,1187.0
-81.0,-490.0,1109.0
-156.0,-922.0,1551.0
-269.0,-742.0,1324.0
2.0,-921.0,1840.0
66.0,-951.0,1926.0
228.0,-824.0,1845.0
184.0,-768.0,1609.0
220.0,-706.0,1462.0
159.0,-610.0,1246.0
220.0,-452.0,1136.0
205.0,-298.0,913.0
312.0,-270.0,977.0
247.0,-135.0,748.0
110.0,-192.0,826.0
133.0,-125.0,776.0
-15.0,-61.0,670.0
-181.0,-166.0,608.0
-223.0,28.0,398.0
-229.0,-2.0,296.0

-,-,-
66.0,340.0,806.0
46.0,242.0,812.0
14.0,126.0,674.0
-192.0,155.0,552.0
-194.0,169.0,190.0
-106.0,192.0,377.0
-11.0,45.0,383.0
-12.0,-186.0,686.0
24.0,110.0,308.0
213.0,-337.0,834.0
84.0,-368.0,790.0
305.0,-741.0,1292.0
304.0,-784.0,1382.0
536.0,-976.0,1782.0
451.0,-981.0,1716.0
676.0,-1160.0,1999.0
536.0,-983.0,1782.0
305.0,-880.0,1557.0
128.0,-656.0,1277.0
117.0,-562.0,1159.0
138.0,-401.0,1011.0
137.0,-361.0,926.0
352.0,-344.0,944.0
337.0,-182.0,817.0
291.0,-213.0,685.0
305.0,-237.0,732.0
102.0,-177.0,300.0
228.0,-25.0,34.0
209.0,-22.0,67.0

-,-,-
374.0,113.0,566.0
413.0,69.0,643.0
303.0,17.0,605.0
450.0,-68.0,486.0
347.0,81.0,334.0
353.0,31.0,332.0
448.0,-227.0,595.0
353.0,-46.0,355.0
522.0,-191.0,667.0
20.0,-407.0,851.0
250.0,-498.0,1056.0
-59.0,-436.0,1016.0
-209.0,-920.0,1752.0
-14.0,-703.0,1843.0
78.0,-711.0,1959.0
370.0,-735.0,1999.0
366.0,-581.0,1638.0
390.0,-547.0,1403.0
314.0,-561.0,1349.0
261.0,-473.0,1199.0
196.0,-458.0,1176.0
125.0,-409.0,1017.0
308.0,-379.0,1166.0
176.0,-186.0,811.0
40.0,-107.0,640.0
101.0,-80.0,683.0
-147.0,-182.0,635.0
-56.0,-14.0,478.0

-,-,-
-79.0,345.0,657.0
3.0,275.0,679.0
-1.0,267.0,611.0
-20.0,171.0,585.0
-55.0,306.0,250.0
-16.0,164.0,366.0
-84.0,180.0,462.0
45.0,153.0,364.0
41.0,-61.0,782.0
152.0,-158.0,706.0
140.0,-190.0,916.0
254.0,-498.0,1148.0
240.0,-534.0,1180.0
167.0,-722.0,1277.0
344.0,-884.0,1743.0
385.0,-843.0,1637.0
416.0,-813.0,1708.0
360.0,-858.0,1751.0
187.0,-703.0,1497.0
75.0,-621.0,1339.0
84.0,-480.0,1247.0
133.0,-457.0,1210.0
162.0,-382.0,1067.0
105.0,-243.0,861.0
222.0,-259.0,907.0
178.0,-153.0,739.0
315.0,-199.0,788.0
204.0,-179.0,582.0
377.0,-142.0,584.0
323.0,-299.0,587.0

-,-,-
466.0,193.0,744.0
503.0,178.0,652.0
565.0,124.0,593.0
391.0,-18.0,481.0
401.0,47.0,433.0
589.0,27.0,351.0
163.0,25.0,329.0
373.0,-165.0,558.0
197.0,-58.0,599.0
268.0,-127.0,592.0
159.0,-320.0,1086.0
79.0,-442.0,1102.0
-45.0,-420.0,1261.0
-129.0,-540.0,1365.0
62.0,-723.0,1999.0
65.0,-530.0,1650.0
284.0,-753.0,1999.0
401.0,-682.0,1811.0
300.0,-591.0,1536.0
268.0,-445.0,1252.0
270.0,-371.0,1145.0
337.0,-318.0,1144.0
239.0,-276.0,1016.0
151.0,-174.0,907.0
347.0,-232.0,1118.0
-45.0,-263.0,818.0
74.0,9.0,540.0
88.0,-39.0,483.0
-186.0,45.0,143.0

-,-,-
-101.0,291.0,679.0
0.0,349.0,620.0
-32.0,209.0,613.0
-157.0,272.0,388.0
-107.0,197.0,334.0
-31.0,30.0,625.0
9.0,88.0,345.0
193.0,-89.0,777.0
48.0,21.0,542.0
113.0,-377.0,1000.0
104.0,-339.0,1032.0
368.0,-640.0,1537.0
434.0,-612.0,1522.0
466.0,-649.0,1652.0
455.0,-698.0,1675.0
587.0,-837.0,1972.0
424.0,-703.0,1717.0
155.0,-589.0,1441.0
84.0,-434.0,1155.0
155.0,-345.0,1133.0
300.0,-296.0,1067.0
273.0,-224.0,982.0
258.0,-125.0,788.0
322.0,-208.0,875.0
367.0,-195.0,709.0
402.0,-156.0,519.0
512.0,-134.0,393.0
359.0,-127.0,294.0

-,-,-
379.0,159.0,776.0
342.0,48.0,704.0
363.0,33.0,700.0
329.0,65.0,451.0
304.0,-100.0,520.0
371.0,43.0,410.0
514.0,-149.0,650.0
310.0,130.0,310.0
410.0,-234.0,649.0
166.0,-277.0,1062.0
129.0,-396.0,859.0
-262.0,-446.0,1104.0
-119.0,-625.0,1566.0
-133.0,-653.0,1811.0
-312.0,-539.0,1576.0
41.0,-704.0,1999.0
155.0,-588.0,1747.0
210.0,-526.0,1464.0
291.0,-444.0,1329.0
283.0,-401.0,1225.0
168.0,-329.0,1107.0
42.0,-375.0,1121.0
92.0,-354.0,1110.0
-15.0,-216.0,947.0
-88.0,-103.0,766.0
22.0,-101.0,865.0
0.0,-79.0,772.0
4.0,14.0,495.0

-,-,-
-16.0,232.0,782.0
-134.0,254.0,593.0
72.0,258.0,625.0
80.0,278.0,541.0
-109.0,148.0,479.0
-3.0,196.0,557.0
43.0,38.0,491.0
8.0,93.0,665.0
0.0,-74.0,723.0
-35.0,-144.0,944.0
53.0,-184.0,824.0
92.0,-361.0,1133.0
155.0,-376.0,1021.0
234.0,-548.0,1306.0
250.0,-687.0,1554.0
267.0,-739.0,1678.0
199.0,-917.0,1989.0
29.0,-766.0,1676.0
-104.0,-625.0,1353.0
-57.0,-519.0,1286.0
16.0,-440.0,1155.0
81.0,-356.0,1080.0
164.0,-334.0,1084.0
150.0,-243.0,905.0
283.0,-316.0,1069.0
259.0,-187.0,851.0
201.0,-126.0,618.0
280.0,-324.0,1022.0
438.0,-114.0,545.0
360.0,-131.0,495.0
284.0,-9.0,259.0
273.0,-71.0,416.0

-,-,-
311.0,155.0,707.0
329.0,100.0,647.0
139.0,-10.0,617.0
219.0,41.0,481.0
319.0,10.0,579.0
284.0,-86.0,509.0
231.0,52.0,381.0
280.0,-305.0,894.0
152.0,-46.0,666.0
215.0,-529.0,1306.0
-11.0,-355.0,1053.0
-256.0,-584.0,1312.0
-130.0,-721.0,1506.0
-21.0,-683.0,1745.0
328.0,-875.0,1999.0
359.0,-798.0,1999.0
201.0,-705.0,1662.0
142.0,-515.0,1271.0
227.0,-364.0,1138.0
170.0,-405.0,1219.0
190.0,-289.0,1054.0
193.0,-257.0,1006.0
-113.0,-175.0,791.0
-7.0,-73.0,581.0
-125.0,-129.0,604.0
-26.0,7.0,380.0
-141.0,139.0,48.0

-,-,-
-204.0,566.0,533.0
-48.0,289.0,661.0
-169.0,302.0,552.0
-200.0,187.0,491.0
-228.0,158.0,250.0
-88.0,277.0,311.0
84.0,130.0,338.0
-37.0,121.0,396.0
101.0,-50.0,629.0
125.0,-216.0,897.0
149.0,-307.0,986.0
225.0,-644.0,1626.0
62.0,-408.0,1002.0
212.0,-815.0,1805.0
220.0,-791.0,1783.0
362.0,-880.0,1983.0
236.0,-875.0,1894.0
100.0,-686.0,1563.0
27.0,-581.0,1353.0
23.0,-372.0,1054.0
133.0,-324.0,1027.0
121.0,-269.0,903.0
321.0,-132.0,860.0
304.0,-125.0,846.0
316.0,-145.0,739.0
354.0,-173.0,606.0
253.0,-289.0,473.0
354.0,-63.0,27.0

-,-,-
350.0,227.0,684.0
298.0,145.0,608.0
337.0,176.0,546.0
332.0,59.0,377.0
311.0,76.0,387.0
313.0,-32.0,545.0
370.0,-86.0,628.0
219.0,61.0,491.0
313.0,-214.0,953.0
62.0,-172.0,839.0
-73.0,-434.0,1231.0
-284.0,-318.0,1057.0
-124.0,-652.0,1845.0
-197.0,-503.0,1737.0
-93.0,-665.0,1987.0
-12.0,-718.0,1947.0
61.0,-617.0,1604.0
77.0,-462.0,1275.0
220.0,-353.0,1171.0
163.0,-283.0,1060.0
124.0,-238.0,1038.0
197.0,-220.0,1096.0
191.0,-134.0,1025.0
19.0,-69.0,889.0
206.0,0.0,901.0
30.0,-143.0,932.0
-4.0,-5.0,604.0
91.0,59.0,538.0
38.0,59.0,503.0

-,-,-
-71.0,287.0,677.0
85.0,281.0,766.0
-2.0,253.0,719.0
-59.0,140.0,647.0
-138.0,197.0,495.0
89.0,170.0,421.0
69.0,149.0,518.0
53.0,123.0,425.0
103.0,-150.0,870.0
98.0,-98.0,757.0
37.0,-74.0,958.0
64.0,-202.0,1081.0
83.0,-385.0,1329.0
-31.0,-315.0,1166.0
28.0,-668.0,1815.0
53.0,-652.0,1829.0
84.0,-735.0,1977.0
-69.0,-652.0,1667.0
-56.0,-517.0,1411.0
14.0,-394.0,1212.0
78.0,-312.0,1085.0
44.0,-290.0,1055.0
187.0,-259.0,1045.0
206.0,-199.0,1121.0
66.0,-218.0,953.0
186.0,-244.0,955.0
207.0,-138.0,679.0
260.0,-170.0,625.0
302.0,-43.0,201.0

-,-,-
375.0,17.0,627.0
169.0,91.0,411.0
371.0,-96.0,620.0
300.0,17.0,446.0
320.0,-60.0,508.0
218.0,-20.0,648.0
329.0,-269.0,1001.0
214.0,-179.0,942.0
106.0,-339.0,1061.0
-57.0,-274.0,1157.0
-135.0,-563.0,1363.0
-18.0,-723.0,1999.0
104.0,-660.0,1811.0
189.0,-641.0,1670.0
206.0,-533.0,1487.0
330.0,-453.0,1344.0
316.0,-400.0,1219.0
312.0,-395.0,1246.0
305.0,-328.0,1201.0
139.0,-385.0,1083.0
92.0,-295.0,1025.0
55.0,-269.0,966.0
-54.0,-193.0,656.0
77.0,-104.0,812.0
-62.0,-94.0,507.0
23.0,117.0,186.0

-,-,-
-76.0,232.0,692.0
-123.0,256.0,617.0
-69.0,166.0,661.0
-98.0,194.0,587.0
-55.0,218.0,411.0
-18.0,26.0,565.0
-21.0,139.0,433.0
130.0,-164.0,700.0
15.0,126.0,452.0
135.0,-261.0,966.0
109.0,-287.0,1032.0
21.0,-497.0,1224.0
216.0,-713.0,1601.0
165.0,-627.0,1440.0
296.0,-803.0,1893.0
324.0,-804.0,1925.0
196.0,-793.0,1800.0
-28.0,-642.0,1406.0
-49.0,-459.0,1161.0
88.0,-342.0,1083.0
116.0,-312.0,1081.0
126.0,-177.0,861.0
184.0,-131.0,912.0
252.0,-171.0,927.0
194.0,-34.0,689.0
270.0,-62.0,697.0
271.0,-221.0,712.0
139.0,-147.0,460.0
554.0,-115.0,436.0

-,-,-
174.0,95.0,532.0
571.0,249.0,597.0
457.0,80.0,515.0
160.0,49.0,451.0
329.0,-158.0,632.0
284.0,4.0,614.0
378.0,-99.0,626.0
135.0,-128.0,777.0
104.0,-321.0,825.0
23.0,-503.0,1328.0
-143.0,-482.0,1171.0
-72.0,-609.0,1530.0
-94.0,-610.0,1706.0
73.0,-746.0,1827.0
170.0,-782.0,1999.0
139.0,-687.0,1687.0
140.0,-547.0,1408.0
179.0,-373.0,1171.0
142.0,-352.0,1069.0
163.0,-267.0,1104.0
141.0,-194.0,902.0
-54.0,-234.0,981.0
105.0,-198.0,971.0
43.0,-101.0,706.0
-39.0,-74.0,651.0
114.0,-53.0,694.0
139.0,18.0,576.0
41.0,97.0,384.0

-,-,-
-172.0,298.0,537.0
-134.0,223.0,650.0
-137.0,270.0,523.0
-112.0,254.0,488.0
-55.0,185.0,433.0
-75.0,361.0,265.0
52.0,-31.0,663.0
-42.0,141.0,509.0
222.0,-83.0,800.0
88.0,-103.0,709.0
158.0,-212.0,915.0
204.0,-496.0,1310.0
79.0,-305.0,1085.0
68.0,-628.0,1377.0
71.0,-678.0,1648.0
173.0,-725.0,1771.0
310.0,-751.0,1906.0
128.0,-690.0,1673.0
-65.0,-541.0,1394.0
-110.0,-464.0,1209.0
-57.0,-379.0,1171.0
23.0,-288.0,969.0
256.0,-323.0,1151.0
157.0,-317.0,1024.0
390.0,-325.0,897.0
323.0,-175.0,683.0
376.0,-446.0,913.0
428.0,-65.0,478.0
387.0,-154.0,406.0
333.0,-70.0,180.0

-,-,-
200.0,228.0,656.0
302.0,160.0,701.0
224.0,82.0,586.0
230.0,100.0,492.0
475.0,141.0,563.0
310.0,79.0,324.0
280.0,-29.0,686.0
313.0,-149.0,671.0
113.0,-173.0,886.0
139.0,-250.0,779.0
195.0,-490.0,1405.0
-160.0,-362.0,974.0
135.0,-636.0,1555.0
-84.0,-596.0,1606.0
-16.0,-661.0,1783.0
27.0,-741.0,1956.0
-30.0,-630.0,1635.0
-22.0,-519.0,1424.0
137.0,-382.0,1273.0
244.0,-246.0,1090.0
147.0,-242.0,1149.0
233.0,-235.0,1295.0
194.0,-193.0,992.0
80.0,-173.0,999.0
15.0,-173.0,789.0
-101.0,-177.0,598.0
-113.0,-37.0,395.0

-,-,-
-204.0,235.0,671.0
-254.0,275.0,586.0
-166.0,204.0,773.0
-104.0,95.0,675.0
-175.0,221.0,461.0
-14.0,288.0,462.0
76.0,53.0,669.0
10.0,255.0,409.0
175.0,-144.0,757.0
-9.0,141.0,532.0
109.0,-193.0,1003.0
17.0,-378.0,1051.0
-9.0,-402.0,1254.0
23.0,-543.0,1493.0
7.0,-576.0,1644.0
26.0,-781.0,1999.0
-3.0,-667.0,1771.0
-54.0,-617.0,1672.0
-82.0,-526.0,1421.0
-119.0,-429.0,1291.0
11.0,-302.0,1071.0
3.0,-269.0,1025.0
89.0,-164.0,944.0
146.0,-189.0,1033.0
162.0,-163.0,945.0
170.0,-102.0,729.0
272.0,-115.0,713.0
376.0,-173.0,629.0
278.0,-92.0,218.0

-,-,-
281.0,158.0,603.0
291.0,138.0,553.0
200.0,16.0,492.0
233.0,67.0,409.0
294.0,17.0,475.0
279.0,-115.0,591.0
216.0,74.0,444.0
289.0,-390.0,1070.0
-21.0,-171.0,728.0
9.0,-514.0,1224.0
-167.0,-564.0,1450.0
-229.0,-591.0,1472.0
-63.0,-719.0,1886.0
-21.0,-752.0,1999.0
45.0,-773.0,1997.0
57.0,-663.0,1691.0
53.0,-555.0,1383.0
157.0,-497.0,1397.0
175.0,-322.0,1044.0
110.0,-247.0,1107.0
83.0,-170.0,975.0
112.0,-19.0,699.0
-28.0,-99.0,858.0
-49.0,-48.0,625.0
-94.0,37.0,369.0
-268.0,178.0,131.0

-,-,-
348.0,208.0,662.0
293.0,294.0,720.0
229.0,253.0,726.0
221.0,66.0,683.0
108.0,96.0,365.0
150.0,158.0,344.0
337.0,-67.0,694.0
256.0,108.0,332.0
279.0,63.0,474.0
289.0,-381.0,1016.0
92.0,-238.0,849.0
102.0,-625.0,1474.0
-23.0,-488.0,1386.0
110.0,-805.0,1989.0
240.0,-767.0,1999.0
332.0,-792.0,1999.0
241.0,-713.0,1682.0
197.0,-584.0,1339.0
246.0,-380.0,1144.0
248.0,-342.0,1188.0
82.0,-214.0,1126.0
252.0,-300.0,1353.0
41.0,-269.0,979.0
-74.0,-179.0,659.0
-74.0,-271.0,848.0
-204.0,-153.0,489.0
4.0,-63.0,378.0
-141.0,289.0,88.0
-215.0,322.0,123.0

-,-,-
-201.0,334.0,677.0
-113.0,302.0,405.0
-247.0,165.0,401.0
-178.0,243.0,161.0
-107.0,125.0,233.0
-3.0,-28.0,533.0
-10.0,-49.0,470.0
-4.0,-180.0,673.0
50.0,-394.0,936.0
151.0,-684.0,1368.0
238.0,-729.0,1249.0
314.0,-1134.0,1828.0
376.0,-1138.0,1950.0
345.0,-1108.0,1963.0
282.0,-1138.0,1954.0
162.0,-931.0,1540.0
29.0,-753.0,1261.0
92.0,-617.0,1216.0
73.0,-581.0,1173.0
38.0,-390.0,880.0
186.0,-339.0,973.0
117.0,-298.0,690.0
201.0,-106.0,381.0
304.0,-174.0,407.0
248.0,-58.0,123.0

-,-,-
173.0,340.0,637.0
338.0,97.0,698.0
379.0,81.0,563.0
306.0,21.0,399.0
384.0,84.0,351.0
295.0,-96.0,456.0
272.0,-44.0,423.0
265.0,-141.0,536.0
175.0,-360.0,1043.0
-30.0,-275.0,895.0
33.0,-606.0,1474.0
-269.0,-521.0,1309.0
-138.0,-726.0,1910.0
-72.0,-710.0,1804.0
76.0,-796.0,1999.0
149.0,-786.0,1966.0
106.0,-675.0,1584.0
64.0,-564.0,1312.0
208.0,-370.0,1109.0
246.0,-384.0,1238.0
40.0,-340.0,1057.0
6.0,-260.0,944.0
187.0,-85.0,851.0
-105.0,-218.0,822.0
-52.0,-37.0,590.0
-112.0,-45.0,646.0
-98.0,24.0,311.0

-,-,-
-245.0,364.0,348.0
-265.0,344.0,460.0
-291.0,191.0,448.0
-236.0,256.0,249.0
-135.0,205.0,411.0
-55.0,-30.0,556.0
18.0,144.0,387.0
161.0,-185.0,729.0
155.0,-101.0,627.0
275.0,-371.0,888.0
286.0,-675.0,1372.0
250.0,-707.0,1296.0
333.0,-959.0,1885.0
346.0,-937.0,1894.0
283.0,-854.0,1752.0
183.0,-825.0,1642.0
108.0,-678.0,1354.0
67.0,-599.0,1251.0
96.0,-541.0,1183.0
220.0,-482.0,1185.0
125.0,-455.0,1091.0
221.0,-401.0,986.0
233.0,-317.0,964.0
105.0,-275.0,835.0
282.0,-176.0,779.0
172.0,-142.0,705.0
179.0,-12.0,492.0
239.0,-27.0,627.0
229.0,50.0,453.0
225.0,125.0,342.0

-,-,-
302.0,276.0,800.0
293.0,301.0,686.0
293.0,147.0,666.0
221.0,187.0,509.0
375.0,133.0,389.0
276.0,107.0,380.0
280.0,47.0,400.0
286.0,-86.0,528.0
208.0,-55.0,540.0
149.0,-312.0,998.0
-109.0,-307.0,771.0
-49.0,-672.0,1560.0
-174.0,-547.0,1405.0
-86.0,-768.0,1837.0
-85.0,-672.0,1784.0
47.0,-708.0,1955.0
118.0,-699.0,1904.0
91.0,-619.0,1581.0
73.0,-561.0,1387.0
121.0,-474.0,1187.0
113.0,-349.0,1122.0
160.0,-273.0,1140.0
109.0,-165.0,934.0
123.0,-162.0,870.0
32.0,-68.0,689.0
-62.0,-96.0,671.0
-52.0,-29.0,504.0
-74.0,18.0,459.0
-237.0,140.0,124.0

-,-,-
-377.0,249.0,409.0
-317.0,198.0,460.0
-143.0,215.0,541.0
-175.0,242.0,415.0
-173.0,172.0,442.0
-57.0,35.0,640.0
-65.0,72.0,553.0
41.0,-74.0,822.0
54.0,-65.0,783.0
161.0,-395.0,1167.0
99.0,-264.0,941.0
179.0,-496.0,1261.0
71.0,-551.0,1177.0
127.0,-750.0,1438.0
237.0,-951.0,1958.0
202.0,-786.0,1641.0
103.0,-765.0,1626.0
5.0,-681.0,1397.0
-25.0,-585.0,1283.0
-14.0,-533.0,1272.0
38.0,-464.0,1245.0
258.0,-289.0,1122.0
153.0,-341.0,1054.0
118.0,-325.0,892.0
351.0,-212.0,1011.0
47.0,-288.0,648.0
231.0,-12.0,323.0
255.0,218.0,225.0
187.0,-47.0,514.0
204.0,169.0,124.0
233.0,114.0,295.0

-,-,-
327.0,121.0,649.0
379.0,146.0,672.0
339.0,25.0,582.0
223.0,4.0,524.0
327.0,-18.0,582.0
337.0,-85.0,509.0
112.0,109.0,187.0
230.0,-337.0,866.0
-82.0,-134.0,474.0
14.0,-497.0,1081.0
-140.0,-432.0,1100.0
-161.0,-715.0,1463.0
-90.0,-649.0,1641.0
-59.0,-785.0,1821.0
74.0,-746.0,1834.0
71.0,-701.0,1621.0
184.0,-664.0,1534.0
168.0,-556.0,1313.0
176.0,-498.0,1222.0
156.0,-487.0,1238.0
171.0,-398.0,1243.0
256.0,-395.0,1342.0
-71.0,-300.0,883.0
131.0,-195.0,888.0
-64.0,-206.0,762.0
-18.0,6.0,230.0
8.0,284.0,-133.0
-246.0,135.0,154.0
8.0,125.0,593.0
-60.0,44.0,785.0
119.0,367.0,671.0

-,-,-
-224.0,320.0,672.0
-234.0,291.0,666.0
-162.0,275.0,654.0
-105.0,296.0,539.0
-120.0,251.0,412.0
-171.0,253.0,430.0
-137.0,137.0,415.0
-166.0,20.0,512.0
-53.0,-50.0,712.0
-67.0,-67.0,513.0
36.0,-338.0,1035.0
154.0,-499.0,1177.0
155.0,-516.0,1230.0
117.0,-723.0,1396.0
185.0,-884.0,1783.0
122.0,-879.0,1742.0
170.0,-847.0,1770.0
80.0,-749.0,1529.0
-24.0,-643.0,1369.0
-81.0,-572.0,1213.0
-57.0,-513.0,1170.0
-20.0,-475.0,1176.0
191.0,-393.0,1105.0
60.0,-286.0,785.0
145.0,-206.0,750.0
117.0,-264.0,774.0
602.0,-173.0,915.0
143.0,-115.0,575.0
380.0,24.0,504.0

-,-,-
348.0,238.0,614.0
393.0,171.0,599.0
284.0,17.0,547.0
384.0,103.0,520.0
463.0,-12.0,615.0
149.0,7.0,289.0
212.0,-265.0,823.0
134.0,-159.0,793.0
-72.0,-293.0,791.0
-29.0,-465.0,1274.0
-305.0,-492.0,1157.0
-169.0,-741.0,1578.0
-125.0,-604.0,1574.0
0.0,-662.0,1702.0
105.0,-642.0,1675.0
190.0,-698.0,1679.0
188.0,-642.0,1433.0
160.0,-595.0,1305.0
119.0,-551.0,1219.0
85.0,-493.0,1162.0
174.0,-407.0,1124.0
27.0,-396.0,1062.0
116.0,-187.0,895.0
-124.0,-178.0,736.0
92.0,-183.0,832.0
-168.0,-73.0,683.0
-159.0,-4.0,401.0
-125.0,132.0,433.0
-43.0,103.0,709.0
-88.0,125.0,621.0

-,-,-
-133.0,275.0,676.0
-150.0,338.0,669.0
-188.0,268.0,610.0
-238.0,256.0,506.0
-108.0,217.0,540.0
-121.0,202.0,433.0
-51.0,114.0,644.0
-6.0,67.0,582.0
136.0,-121.0,826.0
155.0,-163.0,755.0
220.0,-248.0,1031.0
273.0,-436.0,1160.0
227.0,-471.0,1201.0
235.0,-640.0,1370.0
224.0,-735.0,1670.0
158.0,-749.0,1566.0
84.0,-807.0,1589.0
71.0,-771.0,1627.0
-22.0,-680.0,1478.0
-85.0,-551.0,1282.0
-83.0,-493.0,1204.0
-3.0,-370.0,1110.0
92.0,-392.0,1157.0
87.0,-269.0,944.0
130.0,-254.0,937.0
156.0,-251.0,944.0
86.0,-146.0,688.0
482.0,-142.0,1016.0
235.0,-76.0,479.0
284.0,-23.0,411.0
277.0,55.0,181.0

-,-,-
315.0,203.0,703.0
340.0,177.0,636.0
219.0,88.0,610.0
587.0,173.0,597.0
424.0,226.0,415.0
220.0,-98.0,610.0
19.0,-129.0,613.0
261.0,-112.0,697.0
154.0,-246.0,969.0
-52.0,-72.0,444.0
-20.0,-555.0,1403.0
-147.0,-465.0,1121.0
-268.0,-523.0,1251.0
-316.0,-620.0,1372.0
-220.0,-642.0,1501.0
-117.0,-617.0,1389.0
-92.0,-555.0,1185.0
56.0,-645.0,1457.0
-28.0,-647.0,1305.0
-101.0,-719.0,1384.0
-73.0,-690.0,1379.0
-60.0,-662.0,1411.0
0.0,-645.0,1351.0
53.0,-426.0,1093.0
35.0,-316.0,973.0
271.0,-189.0,987.0
190.0,-120.0,761.0
146.0,-63.0,733.0
167.0,-34.0,768.0
181.0,36.0,586.0
-228.0,-37.0,467.0
-461.0,-156.0,483.0

-,-,-
418.0,86.0,681.0
310.0,-7.0,559.0
259.0,9.0,520.0
470.0,44.0,469.0
355.0,1.0,411.0
240.0,-78.0,259.0
256.0,-115.0,576.0
305.0,-144.0,460.0
172.0,-93.0,673.0
80.0,-520.0,1009.0
-130.0,-487.0,1097.0
-302.0,-776.0,1437.0
-294.0,-601.0,1341.0
16.0,-1042.0,1999.0
211.0,-907.0,1999.0
166.0,-777.0,1871.0
130.0,-657.0,1405.0
198.0,-520.0,1232.0
126.0,-499.0,1213.0
222.0,-359.0,1077.0
121.0,-353.0,1190.0
-106.0,-365.0,1193.0
142.0,-387.0,793.0
-107.0,-341.0,483.0
-246.0,-31.0,-121.0
-361.0,41.0,-11.0

-,-,-
-275.0,324.0,709.0
-247.0,185.0,727.0
-180.0,246.0,595.0
-258.0,106.0,417.0
-144.0,231.0,377.0
-36.0,35.0,520.0
42.0,6.0,721.0
55.0,26.0,356.0
188.0,-183.0,808.0
79.0,-182.0,761.0
224.0,-437.0,1053.0
244.0,-636.0,1317.0
330.0,-898.0,1869.0
241.0,-752.0,1504.0
297.0,-903.0,1741.0
317.0,-929.0,1880.0
166.0,-821.0,1664.0
-28.0,-696.0,1451.0
-63.0,-596.0,1264.0
13.0,-493.0,1168.0
90.0,-414.0,1019.0
60.0,-360.0,928.0
298.0,-142.0,750.0
229.0,-306.0,991.0
314.0,-129.0,736.0
190.0,59.0,537.0
273.0,-173.0,547.0
515.0,0.0,177.0

-,-,-
611.0,-114.0,674.0
440.0,-43.0,455.0
284.0,-119.0,636.0
369.0,-208.0,662.0
204.0,-77.0,755.0
181.0,-195.0,828.0
123.0,-167.0,990.0
-15.0,-293.0,903.0
-25.0,-396.0,1271.0
-131.0,-461.0,1395.0
-9.0,-515.0,1720.0
-7.0,-599.0,1818.0
185.0,-646.0,1929.0
100.0,-576.0,1606.0
149.0,-510.0,1456.0
194.0,-433.0,1294.0
222.0,-380.0,1281.0
232.0,-293.0,1119.0
415.0,-208.0,1310.0
64.0,-291.0,1092.0
62.0,-141.0,721.0
-72.0,-110.0,645.0
-150.0,0.0,203.0
-277.0,31.0,51.0

-,-,-
-444.0,447.0,356.0
-358.0,349.0,288.0
-343.0,330.0,428.0
-266.0,290.0,325.0
-281.0,245.0,249.0
-157.0,138.0,323.0
-13.0,102.0,616.0
-25.0,-23.0,457.0
-46.0,-185.0,728.0
91.0,-328.0,856.0
0.0,-459.0,1009.0
123.0,-681.0,1292.0
172.0,-762.0,1501.0
222.0,-844.0,1736.0
194.0,-780.0,1568.0
251.0,-912.0,1933.0
241.0,-823.0,1840.0
-42.0,-743.0,1553.0
-173.0,-654.0,1243.0
-149.0,-583.0,1146.0
38.0,-468.0,1087.0
215.0,-479.0,1249.0
186.0,-408.0,1038.0
259.0,-248.0,926.0
394.0,-176.0,754.0
205.0,-328.0,844.0
378.0,-48.0,558.0
291.0,15.0,340.0
265.0,37.0,147.0

-,-,-
572.0,8.0,835.0
474.0,301.0,549.0
433.0,237.0,369.0
372.0,76.0,494.0
284.0,102.0,299.0
301.0,5.0,400.0
360.0,-53.0,598.0
223.0,-61.0,333.0
201.0,-407.0,802.0
129.0,-480.0,1083.0
-56.0,-593.0,864.0
-184.0,-1011.0,1830.0
-99.0,-906.0,1637.0
13.0,-860.0,1632.0
153.0,-975.0,1779.0
305.0,-1002.0,1797.0
320.0,-965.0,1675.0
216.0,-785.0,1312.0
225.0,-759.0,1216.0
88.0,-714.0,1206.0
-2.0,-624.0,979.0
-9.0,-260.0,654.0
-163.0,-187.0,656.0
-243.0,-237.0,858.0
-127.0,54.0,515.0
-215.0,93.0,625.0
-248.0,228.0,121.0
-229.0,384.0,39.0
-104.0,292.0,244.0
-86.0,230.0,459.0

-,-,-